## htsjdk.samtools.metrics.StringHeader
# MarkDuplicates INPUT=[/scratch/eknodel/TESLA/RNAseq/sorted_bam/TESLA_94_RNA_HISAT2_genome_aligned_sortedbycoord.bam] OUTPUT=/scratch/eknodel/TESLA/RNAseq/sorted_bam/TESLA_94_RNA_HISAT2_genome_aligned_sortedbycoord_mkdup.bam METRICS_FILE=TESLA_94.picard_mkdup_metrics.txt    MAX_SEQUENCES_FOR_DISK_READ_ENDS_MAP=50000 MAX_FILE_HANDLES_FOR_READ_ENDS_MAP=8000 SORTING_COLLECTION_SIZE_RATIO=0.25 TAG_DUPLICATE_SET_MEMBERS=false REMOVE_SEQUENCING_DUPLICATES=false TAGGING_POLICY=DontTag CLEAR_DT=true DUPLEX_UMI=false ADD_PG_TAG_TO_READS=true REMOVE_DUPLICATES=false ASSUME_SORTED=false DUPLICATE_SCORING_STRATEGY=SUM_OF_BASE_QUALITIES PROGRAM_RECORD_ID=MarkDuplicates PROGRAM_GROUP_NAME=MarkDuplicates READ_NAME_REGEX=<optimized capture of last three ':' separated fields as numeric values> OPTICAL_DUPLICATE_PIXEL_DISTANCE=100 MAX_OPTICAL_DUPLICATE_SET_SIZE=300000 VERBOSITY=INFO QUIET=false VALIDATION_STRINGENCY=STRICT COMPRESSION_LEVEL=5 MAX_RECORDS_IN_RAM=500000 CREATE_INDEX=false CREATE_MD5_FILE=false GA4GH_CLIENT_SECRETS=client_secrets.json USE_JDK_DEFLATER=false USE_JDK_INFLATER=false
## htsjdk.samtools.metrics.StringHeader
# Started on: Thu Mar 16 20:11:25 MST 2023

## METRICS CLASS	picard.sam.DuplicationMetrics
LIBRARY	UNPAIRED_READS_EXAMINED	READ_PAIRS_EXAMINED	SECONDARY_OR_SUPPLEMENTARY_RDS	UNMAPPED_READS	UNPAIRED_READ_DUPLICATES	READ_PAIR_DUPLICATES	READ_PAIR_OPTICAL_DUPLICATES	PERCENT_DUPLICATION	ESTIMATED_LIBRARY_SIZE
Unknown Library	2363046	54308724	89790620	0	1798690	25490713	395047	0.47558	38034621

## HISTOGRAM	java.lang.Double
BIN	VALUE	all_sets	optical_sets	non_optical_sets
1.0	1.003305	21264615	0	21400722
2.0	1.243915	4706039	310715	4663005
3.0	1.301617	1416506	19447	1370739
4.0	1.315456	527153	3311	502793
5.0	1.318774	246828	1175	235045
6.0	1.31957	139202	639	134109
7.0	1.319761	90235	414	87821
8.0	1.319807	63893	274	62722
9.0	1.319818	47955	252	47316
10.0	1.31982	36946	181	36517
11.0	1.319821	29774	148	29563
12.0	1.319821	24228	97	24018
13.0	1.319821	20286	81	20182
14.0	1.319821	16967	82	16862
15.0	1.319821	14931	60	14855
16.0	1.319821	12841	54	12802
17.0	1.319821	11218	53	11108
18.0	1.319821	9785	42	9754
19.0	1.319821	8596	29	8572
20.0	1.319821	7600	27	7540
21.0	1.319821	6916	32	6919
22.0	1.319821	6307	22	6294
23.0	1.319821	5761	25	5714
24.0	1.319821	5061	19	5049
25.0	1.319821	4714	22	4678
26.0	1.319821	4244	12	4208
27.0	1.319821	3953	19	3993
28.0	1.319821	3635	15	3576
29.0	1.319821	3401	13	3412
30.0	1.319821	3071	7	3061
31.0	1.319821	2834	9	2837
32.0	1.319821	2613	14	2594
33.0	1.319821	2483	5	2491
34.0	1.319821	2329	9	2309
35.0	1.319821	2195	4	2191
36.0	1.319821	2041	6	2046
37.0	1.319821	1900	2	1877
38.0	1.319821	1761	7	1772
39.0	1.319821	1753	7	1743
40.0	1.319821	1641	4	1603
41.0	1.319821	1573	6	1573
42.0	1.319821	1449	2	1453
43.0	1.319821	1385	3	1392
44.0	1.319821	1349	6	1350
45.0	1.319821	1204	1	1166
46.0	1.319821	1191	3	1180
47.0	1.319821	1114	0	1123
48.0	1.319821	1020	4	1019
49.0	1.319821	1021	3	998
50.0	1.319821	930	3	949
51.0	1.319821	929	1	918
52.0	1.319821	889	1	884
53.0	1.319821	863	0	904
54.0	1.319821	819	0	772
55.0	1.319821	748	1	806
56.0	1.319821	855	1	808
57.0	1.319821	691	3	683
58.0	1.319821	705	0	720
59.0	1.319821	705	3	691
60.0	1.319821	673	0	660
61.0	1.319821	620	0	619
62.0	1.319821	590	0	611
63.0	1.319821	558	1	543
64.0	1.319821	550	0	552
65.0	1.319821	481	2	492
66.0	1.319821	546	1	521
67.0	1.319821	512	1	526
68.0	1.319821	505	0	489
69.0	1.319821	448	0	456
70.0	1.319821	463	0	463
71.0	1.319821	437	3	439
72.0	1.319821	422	1	409
73.0	1.319821	399	0	403
74.0	1.319821	372	1	371
75.0	1.319821	379	0	350
76.0	1.319821	360	1	376
77.0	1.319821	378	0	364
78.0	1.319821	357	1	371
79.0	1.319821	362	1	372
80.0	1.319821	370	0	373
81.0	1.319821	320	1	295
82.0	1.319821	341	0	324
83.0	1.319821	283	0	314
84.0	1.319821	304	1	310
85.0	1.319821	314	0	315
86.0	1.319821	300	0	286
87.0	1.319821	278	1	274
88.0	1.319821	295	0	297
89.0	1.319821	291	0	290
90.0	1.319821	290	0	272
91.0	1.319821	244	0	259
92.0	1.319821	262	1	267
93.0	1.319821	238	0	250
94.0	1.319821	248	0	242
95.0	1.319821	257	0	234
96.0	1.319821	221	0	217
97.0	1.319821	230	0	245
98.0	1.319821	201	1	198
99.0	1.319821	232	0	224
100.0	1.319821	208	0	218
101.0	0	211	0	204
102.0	0	186	0	190
103.0	0	204	0	173
104.0	0	180	1	191
105.0	0	156	0	174
106.0	0	187	0	183
107.0	0	183	0	172
108.0	0	163	1	176
109.0	0	171	0	170
110.0	0	181	0	191
111.0	0	187	0	177
112.0	0	146	0	152
113.0	0	149	0	144
114.0	0	156	0	152
115.0	0	148	0	154
116.0	0	160	0	158
117.0	0	148	1	142
118.0	0	159	0	167
119.0	0	166	0	166
120.0	0	135	0	138
121.0	0	161	0	145
122.0	0	156	0	148
123.0	0	144	0	157
124.0	0	149	0	133
125.0	0	129	0	142
126.0	0	124	0	119
127.0	0	143	0	143
128.0	0	126	0	127
129.0	0	137	0	139
130.0	0	131	0	112
131.0	0	127	0	129
132.0	0	95	0	98
133.0	0	111	0	116
134.0	0	105	0	118
135.0	0	129	0	113
136.0	0	117	0	121
137.0	0	107	0	119
138.0	0	104	0	99
139.0	0	107	0	89
140.0	0	99	0	105
141.0	0	117	0	134
142.0	0	92	0	99
143.0	0	118	0	91
144.0	0	97	0	95
145.0	0	95	0	95
146.0	0	97	0	111
147.0	0	95	1	77
148.0	0	95	0	106
149.0	0	99	0	77
150.0	0	84	0	95
151.0	0	74	0	75
152.0	0	83	0	80
153.0	0	81	0	99
154.0	0	77	0	66
155.0	0	79	0	85
156.0	0	91	0	94
157.0	0	86	0	86
158.0	0	76	0	72
159.0	0	86	0	75
160.0	0	72	0	73
161.0	0	75	0	81
162.0	0	75	0	75
163.0	0	89	0	78
164.0	0	63	0	72
165.0	0	76	0	66
166.0	0	55	0	63
167.0	0	62	0	70
168.0	0	69	0	48
169.0	0	57	1	57
170.0	0	64	0	75
171.0	0	64	0	61
172.0	0	53	0	64
173.0	0	69	0	64
174.0	0	81	0	59
175.0	0	51	0	53
176.0	0	62	0	67
177.0	0	61	0	66
178.0	0	57	0	60
179.0	0	58	0	58
180.0	0	59	0	68
181.0	0	56	0	57
182.0	0	56	0	52
183.0	0	65	0	60
184.0	0	68	0	68
185.0	0	51	0	56
186.0	0	62	0	48
187.0	0	56	0	50
188.0	0	47	0	53
189.0	0	48	0	64
190.0	0	57	0	50
191.0	0	61	1	54
192.0	0	53	0	50
193.0	0	44	0	48
194.0	0	48	0	50
195.0	0	56	0	52
196.0	0	57	0	45
197.0	0	57	0	59
198.0	0	37	0	56
199.0	0	72	0	56
200.0	0	42	0	47
201.0	0	50	0	51
202.0	0	42	0	46
203.0	0	39	0	39
204.0	0	40	0	38
205.0	0	49	0	52
206.0	0	39	0	37
207.0	0	53	0	53
208.0	0	45	0	44
209.0	0	47	0	48
210.0	0	46	0	54
211.0	0	58	0	48
212.0	0	40	0	41
213.0	0	38	0	44
214.0	0	50	0	42
215.0	0	44	0	39
216.0	0	38	0	35
217.0	0	44	0	56
218.0	0	34	0	29
219.0	0	44	0	49
220.0	0	36	0	35
221.0	0	31	0	33
222.0	0	43	0	39
223.0	0	46	0	45
224.0	0	43	0	32
225.0	0	37	0	45
226.0	0	36	0	48
227.0	0	38	0	34
228.0	0	45	0	39
229.0	0	35	0	32
230.0	0	37	0	40
231.0	0	36	0	28
232.0	0	36	0	36
233.0	0	33	0	39
234.0	0	40	0	39
235.0	0	29	0	32
236.0	0	41	0	37
237.0	0	40	0	41
238.0	0	34	0	31
239.0	0	34	0	40
240.0	0	40	0	41
241.0	0	29	0	38
242.0	0	36	0	43
243.0	0	46	0	48
244.0	0	46	0	35
245.0	0	38	0	37
246.0	0	44	0	38
247.0	0	38	0	39
248.0	0	49	0	47
249.0	0	38	0	26
250.0	0	27	0	27
251.0	0	31	0	28
252.0	0	38	0	37
253.0	0	25	0	36
254.0	0	33	0	28
255.0	0	27	0	29
256.0	0	24	0	26
257.0	0	33	0	26
258.0	0	29	0	32
259.0	0	24	0	31
260.0	0	30	0	24
261.0	0	23	0	25
262.0	0	25	0	21
263.0	0	27	0	33
264.0	0	35	0	29
265.0	0	25	0	26
266.0	0	29	0	27
267.0	0	25	0	35
268.0	0	19	0	24
269.0	0	30	0	27
270.0	0	32	0	23
271.0	0	26	0	32
272.0	0	27	0	27
273.0	0	20	0	17
274.0	0	28	0	34
275.0	0	26	0	19
276.0	0	27	0	24
277.0	0	24	0	18
278.0	0	22	0	32
279.0	0	25	0	18
280.0	0	25	0	22
281.0	0	18	0	25
282.0	0	33	0	37
283.0	0	31	0	24
284.0	0	21	0	19
285.0	0	18	0	26
286.0	0	21	0	25
287.0	0	25	0	21
288.0	0	21	0	26
289.0	0	23	0	31
290.0	0	30	0	22
291.0	0	25	0	17
292.0	0	19	0	26
293.0	0	27	0	28
294.0	0	27	0	20
295.0	0	22	0	23
296.0	0	23	0	23
297.0	0	21	0	21
298.0	0	12	0	12
299.0	0	25	0	18
300.0	0	21	0	23
301.0	0	23	0	20
302.0	0	20	0	16
303.0	0	8	0	19
304.0	0	23	0	37
305.0	0	30	0	17
306.0	0	23	0	18
307.0	0	23	0	24
308.0	0	14	0	17
309.0	0	15	0	18
310.0	0	22	0	19
311.0	0	22	0	24
312.0	0	18	0	17
313.0	0	22	0	19
314.0	0	21	0	20
315.0	0	26	0	22
316.0	0	19	0	13
317.0	0	19	0	22
318.0	0	20	0	19
319.0	0	20	0	22
320.0	0	14	0	18
321.0	0	12	0	12
322.0	0	14	0	19
323.0	0	19	0	12
324.0	0	16	0	16
325.0	0	13	0	20
326.0	0	22	0	23
327.0	0	17	0	15
328.0	0	18	0	18
329.0	0	24	0	17
330.0	0	14	0	19
331.0	0	21	0	21
332.0	0	12	0	15
333.0	0	23	0	23
334.0	0	20	0	18
335.0	0	11	0	12
336.0	0	15	0	14
337.0	0	20	0	21
338.0	0	19	0	17
339.0	0	24	0	22
340.0	0	14	0	17
341.0	0	21	0	19
342.0	0	18	0	12
343.0	0	14	0	13
344.0	0	13	0	17
345.0	0	19	0	18
346.0	0	19	0	17
347.0	0	9	0	8
348.0	0	8	0	14
349.0	0	11	0	14
350.0	0	17	0	18
351.0	0	12	0	11
352.0	0	11	0	21
353.0	0	20	0	14
354.0	0	16	0	16
355.0	0	25	0	18
356.0	0	12	0	10
357.0	0	13	0	15
358.0	0	15	0	14
359.0	0	15	0	13
360.0	0	21	0	13
361.0	0	11	0	16
362.0	0	10	0	17
363.0	0	14	0	9
364.0	0	13	0	11
365.0	0	11	0	16
366.0	0	19	0	11
367.0	0	9	0	10
368.0	0	16	0	16
369.0	0	14	0	13
370.0	0	10	0	15
371.0	0	7	0	12
372.0	0	13	0	19
373.0	0	14	0	11
374.0	0	18	0	14
375.0	0	16	0	13
376.0	0	17	0	13
377.0	0	12	0	12
378.0	0	13	0	15
379.0	0	12	0	11
380.0	0	11	0	14
381.0	0	16	0	16
382.0	0	13	0	11
383.0	0	11	0	15
384.0	0	16	0	14
385.0	0	15	0	15
386.0	0	14	0	15
387.0	0	14	0	17
388.0	0	18	0	27
389.0	0	16	0	15
390.0	0	11	0	11
391.0	0	17	0	17
392.0	0	9	0	14
393.0	0	22	0	19
394.0	0	17	0	13
395.0	0	17	0	15
396.0	0	22	0	17
397.0	0	9	0	11
398.0	0	16	0	14
399.0	0	13	0	8
400.0	0	13	0	11
401.0	0	10	0	9
402.0	0	13	0	8
403.0	0	10	0	12
404.0	0	14	0	12
405.0	0	7	0	10
406.0	0	12	0	9
407.0	0	11	0	11
408.0	0	9	0	11
409.0	0	9	0	8
410.0	0	10	0	17
411.0	0	8	0	14
412.0	0	11	0	13
413.0	0	11	0	18
414.0	0	16	0	19
415.0	0	14	0	13
416.0	0	16	0	10
417.0	0	12	0	16
418.0	0	22	0	22
419.0	0	19	0	14
420.0	0	12	0	7
421.0	0	19	0	14
422.0	0	11	0	8
423.0	0	18	0	21
424.0	0	8	0	10
425.0	0	11	0	8
426.0	0	8	0	11
427.0	0	16	0	10
428.0	0	10	0	9
429.0	0	4	0	14
430.0	0	12	0	16
431.0	0	10	0	11
432.0	0	13	0	9
433.0	0	13	0	14
434.0	0	14	0	6
435.0	0	12	0	11
436.0	0	7	0	13
437.0	0	16	0	13
438.0	0	9	0	10
439.0	0	7	0	10
440.0	0	14	0	16
441.0	0	12	0	12
442.0	0	13	0	9
443.0	0	12	0	11
444.0	0	13	0	9
445.0	0	13	0	13
446.0	0	13	0	6
447.0	0	4	0	5
448.0	0	12	0	14
449.0	0	7	0	8
450.0	0	8	0	7
451.0	0	10	0	8
452.0	0	2	0	5
453.0	0	7	0	9
454.0	0	12	0	4
455.0	0	9	0	9
456.0	0	7	0	5
457.0	0	10	0	16
458.0	0	8	0	11
459.0	0	10	0	15
460.0	0	15	0	6
461.0	0	8	0	9
462.0	0	8	0	8
463.0	0	7	0	6
464.0	0	3	0	7
465.0	0	5	0	10
466.0	0	9	0	9
467.0	0	10	0	10
468.0	0	9	0	10
469.0	0	8	0	4
470.0	0	11	0	11
471.0	0	8	0	14
472.0	0	9	0	8
473.0	0	8	0	11
474.0	0	12	0	5
475.0	0	3	0	4
476.0	0	8	0	13
477.0	0	12	0	12
478.0	0	12	0	5
479.0	0	7	0	5
480.0	0	9	0	6
481.0	0	7	0	9
482.0	0	4	0	5
483.0	0	9	0	9
484.0	0	7	0	8
485.0	0	7	0	10
486.0	0	9	0	8
487.0	0	8	0	7
488.0	0	11	0	13
489.0	0	7	0	4
490.0	0	13	0	14
491.0	0	13	0	14
492.0	0	7	0	7
493.0	0	9	0	6
494.0	0	8	0	11
495.0	0	10	0	7
496.0	0	6	0	11
497.0	0	11	0	10
498.0	0	10	0	8
499.0	0	8	0	8
500.0	0	13	0	4
501.0	0	4	0	13
502.0	0	8	0	6
503.0	0	7	0	8
504.0	0	9	0	5
505.0	0	10	0	11
506.0	0	7	0	7
507.0	0	7	0	11
508.0	0	6	0	10
509.0	0	15	0	4
510.0	0	7	0	8
511.0	0	9	0	13
512.0	0	9	0	6
513.0	0	8	0	10
514.0	0	12	0	11
515.0	0	4	0	5
516.0	0	5	0	7
517.0	0	4	0	6
518.0	0	12	0	8
519.0	0	7	0	9
520.0	0	7	0	4
521.0	0	8	0	5
522.0	0	11	0	5
523.0	0	3	0	3
524.0	0	5	0	11
525.0	0	7	0	2
526.0	0	7	0	4
527.0	0	3	0	9
528.0	0	7	0	7
529.0	0	6	0	10
530.0	0	7	0	5
531.0	0	4	0	1
532.0	0	8	0	7
533.0	0	6	0	7
534.0	0	7	0	4
535.0	0	4	0	3
536.0	0	4	0	7
537.0	0	2	0	7
538.0	0	6	0	9
539.0	0	6	0	10
540.0	0	10	0	7
541.0	0	9	0	2
542.0	0	5	0	4
543.0	0	6	0	5
544.0	0	3	0	8
545.0	0	5	0	6
546.0	0	6	0	9
547.0	0	5	0	7
548.0	0	4	0	8
549.0	0	6	0	4
550.0	0	9	0	8
551.0	0	9	0	7
552.0	0	4	0	7
553.0	0	7	0	8
554.0	0	7	0	6
555.0	0	11	0	7
556.0	0	8	0	6
557.0	0	8	0	7
558.0	0	8	0	11
559.0	0	6	0	5
560.0	0	6	0	7
561.0	0	5	0	9
562.0	0	7	0	7
563.0	0	11	0	7
564.0	0	8	0	3
565.0	0	8	0	4
566.0	0	11	0	8
567.0	0	2	0	5
568.0	0	5	0	5
569.0	0	6	0	4
570.0	0	3	0	5
571.0	0	6	0	7
572.0	0	3	0	9
573.0	0	7	0	4
574.0	0	3	0	9
575.0	0	5	0	1
576.0	0	4	0	4
577.0	0	7	0	4
578.0	0	5	0	5
579.0	0	6	0	6
580.0	0	8	0	9
581.0	0	6	0	6
582.0	0	4	0	10
583.0	0	6	0	11
584.0	0	10	0	3
585.0	0	6	0	8
586.0	0	10	0	11
587.0	0	11	0	9
588.0	0	3	0	6
589.0	0	10	0	3
590.0	0	8	0	7
591.0	0	8	0	7
592.0	0	4	0	12
593.0	0	8	0	3
594.0	0	6	0	6
595.0	0	4	0	8
596.0	0	7	0	5
597.0	0	11	0	7
598.0	0	9	0	9
599.0	0	7	0	7
600.0	0	6	0	5
601.0	0	9	0	3
602.0	0	6	0	5
603.0	0	4	0	3
604.0	0	3	0	1
605.0	0	3	0	2
606.0	0	3	0	5
607.0	0	2	0	4
608.0	0	5	0	2
609.0	0	1	0	5
610.0	0	1	0	6
611.0	0	4	0	2
612.0	0	6	0	5
613.0	0	4	0	6
614.0	0	4	0	3
615.0	0	5	0	4
616.0	0	6	0	13
617.0	0	7	0	8
618.0	0	8	0	4
619.0	0	5	0	5
620.0	0	8	0	7
621.0	0	4	0	6
622.0	0	3	0	7
623.0	0	6	0	4
624.0	0	8	0	5
625.0	0	5	0	7
626.0	0	7	0	4
627.0	0	3	0	7
628.0	0	6	0	6
629.0	0	7	0	13
630.0	0	7	0	3
631.0	0	5	0	9
632.0	0	7	0	7
633.0	0	8	0	1
634.0	0	2	0	2
635.0	0	6	0	3
636.0	0	7	0	6
637.0	0	2	0	5
638.0	0	8	0	5
639.0	0	8	0	9
640.0	0	5	0	4
641.0	0	4	0	3
642.0	0	7	0	9
643.0	0	1	0	5
644.0	0	5	0	7
645.0	0	7	0	6
646.0	0	5	0	8
647.0	0	8	0	6
648.0	0	6	0	6
649.0	0	1	0	5
650.0	0	4	0	5
651.0	0	13	0	4
652.0	0	4	0	3
653.0	0	4	0	4
654.0	0	6	0	6
655.0	0	5	0	7
656.0	0	8	0	4
657.0	0	7	0	5
658.0	0	4	0	5
659.0	0	3	0	6
660.0	0	3	0	4
661.0	0	4	0	2
662.0	0	7	0	8
663.0	0	2	0	5
664.0	0	5	0	7
665.0	0	5	0	4
666.0	0	7	0	5
667.0	0	5	0	2
668.0	0	6	0	3
669.0	0	10	0	5
670.0	0	2	0	6
671.0	0	5	0	4
672.0	0	6	0	9
673.0	0	3	0	3
674.0	0	4	0	3
675.0	0	3	0	4
676.0	0	4	0	5
677.0	0	4	0	6
678.0	0	4	0	4
679.0	0	2	0	5
680.0	0	4	0	5
681.0	0	6	0	4
682.0	0	5	0	3
683.0	0	6	0	4
684.0	0	5	0	3
685.0	0	3	0	10
686.0	0	4	0	2
687.0	0	3	0	1
688.0	0	6	0	4
689.0	0	5	0	4
690.0	0	2	0	2
691.0	0	2	0	6
692.0	0	6	0	4
693.0	0	1	0	7
694.0	0	3	0	5
695.0	0	4	0	2
696.0	0	7	0	4
697.0	0	5	0	2
698.0	0	9	0	4
699.0	0	2	0	8
700.0	0	3	0	4
701.0	0	4	0	4
702.0	0	3	0	2
703.0	0	4	0	5
704.0	0	4	0	4
705.0	0	2	0	2
706.0	0	8	0	7
707.0	0	5	0	2
708.0	0	5	0	2
709.0	0	1	0	4
710.0	0	1	0	3
711.0	0	2	0	6
712.0	0	2	0	3
713.0	0	3	0	5
714.0	0	4	0	4
715.0	0	3	0	4
716.0	0	7	0	3
717.0	0	4	0	4
718.0	0	5	0	4
719.0	0	4	0	2
720.0	0	5	0	4
721.0	0	3	0	5
722.0	0	5	0	4
723.0	0	6	0	2
724.0	0	2	0	0
725.0	0	2	0	0
726.0	0	5	0	3
727.0	0	1	0	8
728.0	0	3	0	4
729.0	0	4	0	2
730.0	0	5	0	8
731.0	0	4	0	3
732.0	0	2	0	5
733.0	0	0	0	1
734.0	0	4	0	5
735.0	0	4	0	1
736.0	0	4	0	5
737.0	0	4	0	1
738.0	0	2	0	2
739.0	0	0	0	8
740.0	0	2	0	2
741.0	0	10	0	3
742.0	0	5	0	5
743.0	0	4	0	7
744.0	0	6	0	1
745.0	0	6	0	2
746.0	0	3	0	1
747.0	0	2	0	4
748.0	0	2	0	5
749.0	0	2	0	4
750.0	0	3	0	2
751.0	0	0	0	1
752.0	0	2	0	2
753.0	0	4	0	3
754.0	0	5	0	3
755.0	0	3	0	8
756.0	0	6	0	4
757.0	0	4	0	4
758.0	0	3	0	5
759.0	0	1	0	3
760.0	0	4	0	5
761.0	0	2	0	2
762.0	0	3	0	4
763.0	0	5	0	2
764.0	0	3	0	4
765.0	0	4	0	0
766.0	0	4	0	3
767.0	0	2	0	3
768.0	0	5	0	3
769.0	0	1	0	5
770.0	0	4	0	2
771.0	0	2	0	4
772.0	0	3	0	1
773.0	0	1	0	1
774.0	0	4	0	2
775.0	0	4	0	5
776.0	0	4	0	5
777.0	0	3	0	3
778.0	0	3	0	2
779.0	0	4	0	4
780.0	0	4	0	4
781.0	0	1	0	2
782.0	0	4	0	5
783.0	0	4	0	3
784.0	0	4	0	4
785.0	0	4	0	1
786.0	0	0	0	2
787.0	0	3	0	1
788.0	0	3	0	0
789.0	0	1	0	4
790.0	0	3	0	13
791.0	0	5	0	2
792.0	0	3	0	4
793.0	0	4	0	4
794.0	0	5	0	2
795.0	0	2	0	2
796.0	0	3	0	1
797.0	0	6	0	3
798.0	0	5	0	5
799.0	0	3	0	5
800.0	0	2	0	2
801.0	0	4	0	5
802.0	0	2	0	4
803.0	0	3	0	0
804.0	0	0	0	3
805.0	0	4	0	1
806.0	0	2	0	3
807.0	0	5	0	5
808.0	0	1	0	3
809.0	0	2	0	2
810.0	0	3	0	6
811.0	0	0	0	2
812.0	0	3	0	1
813.0	0	3	0	2
814.0	0	6	0	2
815.0	0	5	0	0
816.0	0	3	0	3
817.0	0	5	0	2
818.0	0	2	0	5
819.0	0	3	0	2
820.0	0	2	0	1
821.0	0	4	0	0
822.0	0	1	0	2
823.0	0	1	0	1
824.0	0	0	0	5
825.0	0	1	0	0
826.0	0	2	0	7
827.0	0	4	0	3
828.0	0	2	0	4
829.0	0	3	0	0
830.0	0	2	0	6
831.0	0	5	0	4
832.0	0	2	0	1
833.0	0	2	0	4
834.0	0	4	0	2
835.0	0	1	0	2
836.0	0	1	0	4
837.0	0	5	0	2
838.0	0	4	0	3
839.0	0	0	0	3
840.0	0	7	0	2
841.0	0	2	0	6
842.0	0	4	0	3
843.0	0	1	0	4
844.0	0	7	0	2
845.0	0	1	0	1
846.0	0	3	0	4
847.0	0	2	0	3
848.0	0	4	0	1
849.0	0	5	0	2
850.0	0	2	0	3
851.0	0	2	0	4
852.0	0	3	0	1
853.0	0	2	0	4
854.0	0	1	0	2
855.0	0	1	0	2
856.0	0	2	0	3
857.0	0	6	0	1
858.0	0	4	0	3
859.0	0	4	0	3
860.0	0	1	0	3
861.0	0	2	0	9
862.0	0	3	0	2
863.0	0	5	0	2
864.0	0	2	0	5
865.0	0	2	0	2
866.0	0	2	0	1
867.0	0	3	0	1
868.0	0	1	0	3
869.0	0	2	0	0
870.0	0	5	0	2
871.0	0	1	0	6
872.0	0	6	0	5
873.0	0	0	0	1
874.0	0	2	0	2
875.0	0	5	0	3
876.0	0	2	0	1
877.0	0	2	0	1
878.0	0	4	0	3
879.0	0	3	0	3
880.0	0	5	0	5
881.0	0	2	0	1
882.0	0	2	0	2
883.0	0	3	0	5
884.0	0	1	0	1
885.0	0	2	0	0
886.0	0	1	0	1
887.0	0	3	0	1
888.0	0	2	0	3
889.0	0	3	0	2
890.0	0	2	0	2
891.0	0	0	0	1
892.0	0	3	0	2
893.0	0	0	0	5
894.0	0	4	0	6
895.0	0	3	0	3
896.0	0	2	0	3
897.0	0	2	0	4
898.0	0	1	0	2
899.0	0	6	0	0
900.0	0	2	0	1
901.0	0	2	0	5
902.0	0	2	0	2
903.0	0	1	0	1
904.0	0	2	0	3
905.0	0	4	0	0
906.0	0	3	0	2
907.0	0	2	0	3
908.0	0	2	0	4
909.0	0	1	0	2
910.0	0	3	0	1
911.0	0	3	0	0
912.0	0	0	0	3
913.0	0	2	0	1
914.0	0	1	0	3
915.0	0	7	0	4
916.0	0	2	0	6
917.0	0	1	0	3
918.0	0	1	0	4
919.0	0	1	0	4
920.0	0	2	0	2
921.0	0	3	0	4
922.0	0	5	0	1
923.0	0	3	0	1
924.0	0	2	0	0
925.0	0	4	0	1
926.0	0	5	0	0
927.0	0	3	0	2
928.0	0	0	0	2
929.0	0	4	0	5
930.0	0	3	0	3
931.0	0	1	0	3
932.0	0	0	0	2
933.0	0	2	0	3
934.0	0	2	0	3
935.0	0	1	0	0
936.0	0	1	0	4
937.0	0	3	0	3
938.0	0	5	0	3
939.0	0	4	0	1
940.0	0	2	0	6
941.0	0	4	0	4
942.0	0	2	0	4
943.0	0	3	0	3
944.0	0	4	0	5
945.0	0	2	0	1
946.0	0	5	0	5
947.0	0	1	0	3
948.0	0	3	0	3
949.0	0	6	0	3
950.0	0	6	0	2
951.0	0	3	0	2
952.0	0	1	0	1
953.0	0	1	0	3
954.0	0	3	0	6
955.0	0	1	0	0
956.0	0	2	0	0
957.0	0	5	0	7
958.0	0	2	0	0
959.0	0	5	0	0
960.0	0	2	0	4
961.0	0	2	0	0
962.0	0	4	0	3
963.0	0	2	0	0
964.0	0	0	0	4
965.0	0	2	0	1
966.0	0	2	0	0
967.0	0	1	0	3
968.0	0	1	0	4
969.0	0	1	0	1
970.0	0	2	0	4
971.0	0	2	0	3
972.0	0	2	0	1
973.0	0	3	0	0
974.0	0	3	0	2
975.0	0	4	0	1
976.0	0	1	0	3
977.0	0	0	0	1
978.0	0	5	0	1
979.0	0	0	0	4
980.0	0	4	0	1
981.0	0	1	0	1
982.0	0	2	0	4
983.0	0	1	0	2
984.0	0	3	0	1
985.0	0	1	0	2
986.0	0	2	0	0
987.0	0	0	0	3
988.0	0	0	0	3
989.0	0	2	0	2
990.0	0	3	0	4
991.0	0	3	0	5
992.0	0	1	0	1
993.0	0	1	0	2
994.0	0	4	0	3
995.0	0	1	0	5
997.0	0	7	0	1
998.0	0	2	0	1
999.0	0	2	0	1
1000.0	0	1	0	0
1001.0	0	1	0	0
1002.0	0	3	0	0
1003.0	0	2	0	2
1004.0	0	1	0	2
1005.0	0	1	0	2
1006.0	0	2	0	6
1007.0	0	2	0	2
1008.0	0	1	0	2
1009.0	0	2	0	0
1010.0	0	0	0	1
1011.0	0	1	0	1
1012.0	0	4	0	0
1013.0	0	3	0	3
1014.0	0	1	0	1
1015.0	0	3	0	1
1016.0	0	1	0	2
1017.0	0	1	0	5
1018.0	0	1	0	0
1019.0	0	3	0	1
1020.0	0	2	0	3
1021.0	0	4	0	3
1022.0	0	1	0	1
1023.0	0	0	0	3
1024.0	0	2	0	1
1025.0	0	3	0	1
1026.0	0	0	0	1
1027.0	0	3	0	2
1028.0	0	1	0	1
1029.0	0	4	0	2
1030.0	0	1	0	3
1031.0	0	2	0	1
1032.0	0	4	0	5
1033.0	0	1	0	1
1034.0	0	1	0	3
1035.0	0	2	0	4
1036.0	0	1	0	1
1037.0	0	1	0	1
1038.0	0	2	0	4
1039.0	0	1	0	0
1040.0	0	1	0	3
1041.0	0	2	0	2
1042.0	0	1	0	1
1043.0	0	5	0	2
1044.0	0	5	0	0
1045.0	0	3	0	2
1046.0	0	4	0	2
1047.0	0	1	0	2
1048.0	0	1	0	2
1049.0	0	0	0	2
1050.0	0	1	0	2
1051.0	0	1	0	3
1052.0	0	2	0	3
1053.0	0	1	0	2
1055.0	0	2	0	1
1056.0	0	3	0	0
1057.0	0	5	0	4
1058.0	0	2	0	0
1059.0	0	0	0	1
1060.0	0	2	0	1
1061.0	0	0	0	2
1062.0	0	1	0	1
1063.0	0	3	0	0
1064.0	0	2	0	2
1065.0	0	1	0	0
1066.0	0	0	0	2
1067.0	0	2	0	2
1068.0	0	2	0	0
1069.0	0	1	0	3
1070.0	0	0	0	2
1071.0	0	0	0	1
1072.0	0	1	0	4
1073.0	0	1	0	0
1074.0	0	3	0	2
1075.0	0	1	0	2
1076.0	0	3	0	2
1077.0	0	1	0	1
1078.0	0	4	0	1
1079.0	0	1	0	1
1080.0	0	0	0	2
1081.0	0	2	0	3
1082.0	0	0	0	4
1083.0	0	2	0	2
1084.0	0	1	0	4
1085.0	0	2	0	2
1086.0	0	3	0	1
1087.0	0	2	0	2
1088.0	0	1	0	0
1089.0	0	4	0	0
1090.0	0	3	0	1
1091.0	0	2	0	4
1092.0	0	0	0	4
1093.0	0	5	0	3
1094.0	0	1	0	0
1095.0	0	3	0	5
1096.0	0	2	0	3
1097.0	0	3	0	3
1098.0	0	1	0	1
1099.0	0	3	0	2
1100.0	0	3	0	1
1101.0	0	0	0	2
1102.0	0	3	0	2
1103.0	0	1	0	2
1104.0	0	1	0	3
1105.0	0	1	0	2
1106.0	0	3	0	3
1107.0	0	1	0	0
1108.0	0	2	0	3
1109.0	0	3	0	2
1110.0	0	6	0	1
1111.0	0	3	0	4
1112.0	0	0	0	4
1113.0	0	2	0	0
1114.0	0	3	0	0
1115.0	0	3	0	0
1116.0	0	1	0	0
1118.0	0	1	0	2
1119.0	0	2	0	1
1120.0	0	2	0	1
1121.0	0	1	0	0
1122.0	0	0	0	2
1123.0	0	2	0	1
1124.0	0	2	0	1
1125.0	0	1	0	5
1127.0	0	2	0	2
1128.0	0	0	0	1
1129.0	0	1	0	0
1130.0	0	2	0	0
1131.0	0	2	0	1
1132.0	0	1	0	1
1133.0	0	1	0	2
1134.0	0	2	0	2
1135.0	0	1	0	2
1136.0	0	1	0	1
1137.0	0	1	0	0
1139.0	0	2	0	0
1140.0	0	1	0	2
1141.0	0	1	0	2
1142.0	0	0	0	2
1143.0	0	1	0	2
1144.0	0	0	0	1
1145.0	0	1	0	0
1146.0	0	3	0	1
1147.0	0	2	0	2
1148.0	0	2	0	1
1149.0	0	0	0	1
1150.0	0	1	0	1
1151.0	0	1	0	0
1152.0	0	1	0	0
1154.0	0	3	0	0
1155.0	0	0	0	1
1156.0	0	1	0	1
1157.0	0	1	0	0
1158.0	0	3	0	0
1159.0	0	1	0	2
1160.0	0	0	0	2
1161.0	0	1	0	2
1162.0	0	1	0	1
1163.0	0	1	0	0
1164.0	0	0	0	3
1165.0	0	2	0	6
1167.0	0	1	0	2
1168.0	0	1	0	3
1169.0	0	2	0	1
1170.0	0	1	0	0
1171.0	0	0	0	1
1172.0	0	1	0	3
1173.0	0	2	0	1
1174.0	0	1	0	0
1175.0	0	6	0	0
1176.0	0	0	0	1
1177.0	0	1	0	0
1178.0	0	2	0	3
1179.0	0	2	0	1
1180.0	0	2	0	1
1182.0	0	0	0	1
1183.0	0	2	0	0
1184.0	0	1	0	2
1185.0	0	0	0	1
1186.0	0	0	0	1
1187.0	0	3	0	2
1188.0	0	0	0	2
1189.0	0	1	0	0
1190.0	0	2	0	0
1191.0	0	1	0	0
1192.0	0	2	0	3
1193.0	0	2	0	2
1194.0	0	1	0	3
1196.0	0	0	0	1
1198.0	0	1	0	0
1199.0	0	1	0	2
1200.0	0	0	0	1
1201.0	0	3	0	4
1202.0	0	1	0	2
1203.0	0	2	0	1
1204.0	0	2	0	1
1205.0	0	0	0	1
1206.0	0	2	0	1
1207.0	0	2	0	1
1208.0	0	2	0	0
1209.0	0	1	0	1
1212.0	0	0	0	1
1213.0	0	2	0	2
1214.0	0	1	0	1
1216.0	0	4	0	2
1217.0	0	1	0	1
1218.0	0	0	0	1
1222.0	0	1	0	3
1224.0	0	2	0	1
1225.0	0	1	0	0
1226.0	0	1	0	0
1227.0	0	0	0	1
1228.0	0	3	0	2
1229.0	0	2	0	3
1230.0	0	1	0	4
1231.0	0	1	0	1
1232.0	0	0	0	2
1233.0	0	0	0	2
1234.0	0	2	0	1
1235.0	0	0	0	3
1236.0	0	2	0	0
1237.0	0	4	0	1
1238.0	0	3	0	1
1239.0	0	0	0	2
1240.0	0	1	0	0
1241.0	0	1	0	2
1242.0	0	1	0	0
1243.0	0	2	0	3
1244.0	0	2	0	2
1245.0	0	2	0	0
1246.0	0	1	0	1
1247.0	0	1	0	0
1248.0	0	2	0	2
1249.0	0	2	0	2
1250.0	0	2	0	0
1251.0	0	0	0	1
1252.0	0	2	0	0
1253.0	0	0	0	1
1254.0	0	0	0	2
1255.0	0	4	0	1
1256.0	0	1	0	4
1257.0	0	2	0	0
1258.0	0	0	0	1
1259.0	0	1	0	0
1260.0	0	0	0	1
1261.0	0	2	0	2
1263.0	0	2	0	0
1265.0	0	0	0	1
1266.0	0	1	0	0
1268.0	0	2	0	1
1269.0	0	1	0	1
1270.0	0	1	0	1
1271.0	0	1	0	1
1272.0	0	0	0	1
1273.0	0	0	0	3
1274.0	0	0	0	1
1275.0	0	2	0	0
1277.0	0	2	0	0
1278.0	0	0	0	1
1279.0	0	2	0	0
1280.0	0	0	0	1
1281.0	0	0	0	3
1282.0	0	0	0	1
1283.0	0	3	0	0
1284.0	0	0	0	1
1285.0	0	0	0	1
1286.0	0	1	0	0
1287.0	0	1	0	0
1288.0	0	3	0	2
1289.0	0	2	0	1
1291.0	0	2	0	2
1292.0	0	0	0	2
1293.0	0	1	0	2
1294.0	0	0	0	1
1295.0	0	1	0	2
1296.0	0	1	0	1
1297.0	0	1	0	1
1299.0	0	0	0	1
1300.0	0	1	0	1
1301.0	0	0	0	1
1302.0	0	2	0	1
1304.0	0	2	0	2
1307.0	0	2	0	2
1308.0	0	2	0	1
1309.0	0	2	0	1
1310.0	0	1	0	0
1311.0	0	2	0	1
1312.0	0	1	0	2
1313.0	0	1	0	0
1314.0	0	0	0	1
1315.0	0	0	0	1
1316.0	0	2	0	1
1317.0	0	0	0	3
1318.0	0	1	0	1
1319.0	0	2	0	0
1320.0	0	1	0	2
1321.0	0	1	0	0
1322.0	0	0	0	1
1323.0	0	0	0	1
1324.0	0	2	0	3
1325.0	0	0	0	1
1326.0	0	3	0	0
1327.0	0	2	0	2
1328.0	0	0	0	1
1329.0	0	1	0	0
1330.0	0	2	0	2
1331.0	0	1	0	0
1332.0	0	2	0	1
1333.0	0	1	0	1
1334.0	0	2	0	1
1335.0	0	1	0	4
1336.0	0	0	0	1
1337.0	0	2	0	2
1338.0	0	2	0	0
1340.0	0	1	0	1
1341.0	0	1	0	0
1342.0	0	2	0	1
1343.0	0	0	0	1
1344.0	0	1	0	0
1345.0	0	3	0	1
1346.0	0	1	0	0
1347.0	0	1	0	1
1351.0	0	2	0	2
1352.0	0	0	0	1
1353.0	0	0	0	1
1354.0	0	0	0	1
1355.0	0	1	0	1
1356.0	0	1	0	1
1357.0	0	1	0	1
1359.0	0	1	0	1
1360.0	0	0	0	1
1361.0	0	2	0	1
1362.0	0	1	0	0
1363.0	0	1	0	1
1364.0	0	1	0	2
1367.0	0	1	0	2
1368.0	0	0	0	1
1369.0	0	1	0	0
1370.0	0	0	0	1
1371.0	0	0	0	2
1372.0	0	1	0	0
1373.0	0	2	0	1
1374.0	0	0	0	1
1375.0	0	1	0	1
1376.0	0	1	0	3
1377.0	0	2	0	2
1378.0	0	1	0	1
1379.0	0	2	0	2
1381.0	0	3	0	2
1382.0	0	1	0	4
1383.0	0	0	0	2
1384.0	0	0	0	1
1385.0	0	2	0	0
1386.0	0	2	0	0
1387.0	0	0	0	2
1388.0	0	1	0	0
1389.0	0	1	0	3
1390.0	0	1	0	0
1391.0	0	3	0	1
1392.0	0	1	0	0
1393.0	0	2	0	0
1395.0	0	0	0	2
1396.0	0	1	0	0
1397.0	0	2	0	2
1398.0	0	0	0	2
1399.0	0	1	0	0
1400.0	0	4	0	1
1401.0	0	1	0	2
1402.0	0	1	0	2
1404.0	0	0	0	1
1405.0	0	0	0	1
1406.0	0	2	0	1
1407.0	0	3	0	0
1409.0	0	1	0	2
1410.0	0	1	0	0
1411.0	0	1	0	2
1412.0	0	1	0	1
1413.0	0	2	0	1
1414.0	0	2	0	0
1416.0	0	0	0	1
1417.0	0	0	0	1
1418.0	0	2	0	0
1419.0	0	1	0	0
1420.0	0	1	0	4
1421.0	0	1	0	0
1423.0	0	0	0	1
1424.0	0	1	0	0
1425.0	0	1	0	0
1426.0	0	0	0	3
1428.0	0	1	0	0
1430.0	0	1	0	1
1433.0	0	0	0	1
1434.0	0	1	0	1
1435.0	0	0	0	1
1436.0	0	2	0	0
1437.0	0	2	0	0
1439.0	0	1	0	4
1440.0	0	1	0	1
1441.0	0	0	0	1
1442.0	0	2	0	1
1443.0	0	1	0	0
1444.0	0	0	0	1
1445.0	0	1	0	2
1447.0	0	1	0	1
1448.0	0	1	0	1
1450.0	0	3	0	2
1451.0	0	1	0	0
1452.0	0	2	0	1
1454.0	0	1	0	0
1455.0	0	1	0	0
1456.0	0	2	0	1
1457.0	0	1	0	3
1458.0	0	1	0	0
1462.0	0	2	0	1
1464.0	0	1	0	3
1465.0	0	0	0	1
1466.0	0	0	0	1
1469.0	0	0	0	1
1470.0	0	1	0	0
1471.0	0	4	0	0
1472.0	0	0	0	1
1473.0	0	0	0	1
1474.0	0	2	0	3
1475.0	0	1	0	0
1476.0	0	1	0	2
1477.0	0	1	0	1
1479.0	0	0	0	1
1480.0	0	1	0	2
1482.0	0	4	0	1
1483.0	0	3	0	1
1484.0	0	1	0	0
1485.0	0	0	0	1
1486.0	0	1	0	1
1487.0	0	0	0	1
1488.0	0	0	0	2
1489.0	0	0	0	2
1490.0	0	1	0	0
1492.0	0	3	0	2
1493.0	0	0	0	1
1495.0	0	1	0	0
1496.0	0	3	0	0
1498.0	0	1	0	1
1500.0	0	0	0	1
1501.0	0	1	0	1
1502.0	0	2	0	2
1503.0	0	1	0	1
1504.0	0	1	0	1
1506.0	0	0	0	2
1507.0	0	0	0	1
1508.0	0	1	0	0
1509.0	0	3	0	0
1511.0	0	2	0	0
1513.0	0	0	0	1
1514.0	0	0	0	2
1515.0	0	0	0	1
1516.0	0	1	0	0
1520.0	0	0	0	1
1521.0	0	0	0	2
1523.0	0	1	0	0
1524.0	0	2	0	0
1525.0	0	1	0	1
1527.0	0	2	0	0
1528.0	0	2	0	2
1529.0	0	1	0	0
1534.0	0	1	0	1
1535.0	0	1	0	0
1537.0	0	1	0	1
1542.0	0	0	0	1
1543.0	0	1	0	3
1546.0	0	1	0	1
1547.0	0	1	0	0
1548.0	0	0	0	2
1549.0	0	0	0	1
1550.0	0	1	0	0
1553.0	0	2	0	0
1554.0	0	0	0	2
1557.0	0	1	0	0
1558.0	0	1	0	2
1559.0	0	0	0	1
1560.0	0	2	0	0
1561.0	0	0	0	1
1563.0	0	1	0	0
1564.0	0	1	0	2
1565.0	0	1	0	0
1566.0	0	1	0	1
1567.0	0	1	0	0
1569.0	0	1	0	0
1570.0	0	1	0	0
1571.0	0	1	0	1
1573.0	0	0	0	1
1574.0	0	0	0	2
1575.0	0	1	0	0
1576.0	0	1	0	0
1577.0	0	0	0	1
1578.0	0	1	0	0
1579.0	0	0	0	1
1581.0	0	0	0	2
1582.0	0	0	0	1
1583.0	0	2	0	1
1586.0	0	0	0	1
1587.0	0	0	0	1
1588.0	0	0	0	1
1589.0	0	0	0	1
1590.0	0	1	0	0
1591.0	0	1	0	1
1592.0	0	3	0	0
1594.0	0	1	0	1
1595.0	0	1	0	2
1596.0	0	2	0	0
1597.0	0	1	0	2
1598.0	0	1	0	1
1599.0	0	0	0	1
1602.0	0	1	0	3
1603.0	0	1	0	0
1606.0	0	1	0	0
1607.0	0	1	0	0
1610.0	0	1	0	2
1612.0	0	1	0	1
1614.0	0	2	0	0
1615.0	0	0	0	1
1616.0	0	0	0	1
1617.0	0	0	0	1
1618.0	0	0	0	1
1619.0	0	0	0	1
1620.0	0	0	0	1
1621.0	0	1	0	1
1624.0	0	1	0	2
1625.0	0	1	0	3
1626.0	0	1	0	1
1627.0	0	2	0	1
1628.0	0	1	0	1
1629.0	0	1	0	3
1631.0	0	1	0	1
1633.0	0	1	0	0
1634.0	0	1	0	0
1635.0	0	1	0	0
1636.0	0	1	0	1
1637.0	0	1	0	0
1638.0	0	1	0	0
1639.0	0	1	0	1
1640.0	0	3	0	1
1641.0	0	1	0	1
1644.0	0	2	0	1
1645.0	0	2	0	0
1648.0	0	1	0	2
1650.0	0	2	0	0
1653.0	0	1	0	0
1654.0	0	1	0	0
1655.0	0	1	0	1
1659.0	0	0	0	1
1663.0	0	1	0	1
1664.0	0	0	0	2
1665.0	0	0	0	1
1666.0	0	1	0	0
1668.0	0	0	0	1
1670.0	0	1	0	1
1671.0	0	2	0	2
1673.0	0	1	0	1
1676.0	0	0	0	1
1677.0	0	1	0	1
1678.0	0	0	0	2
1680.0	0	0	0	1
1681.0	0	2	0	0
1683.0	0	2	0	0
1684.0	0	0	0	1
1688.0	0	2	0	1
1689.0	0	0	0	1
1691.0	0	1	0	0
1692.0	0	1	0	0
1693.0	0	1	0	1
1694.0	0	0	0	1
1695.0	0	2	0	0
1697.0	0	0	0	2
1698.0	0	1	0	1
1700.0	0	1	0	1
1701.0	0	0	0	1
1702.0	0	2	0	0
1703.0	0	1	0	0
1704.0	0	1	0	0
1705.0	0	1	0	0
1706.0	0	0	0	1
1711.0	0	0	0	1
1712.0	0	0	0	3
1714.0	0	1	0	0
1715.0	0	1	0	3
1716.0	0	3	0	0
1718.0	0	1	0	0
1719.0	0	0	0	1
1722.0	0	0	0	1
1723.0	0	0	0	1
1724.0	0	0	0	1
1725.0	0	1	0	2
1726.0	0	1	0	0
1727.0	0	2	0	0
1728.0	0	2	0	0
1730.0	0	0	0	1
1731.0	0	2	0	1
1732.0	0	0	0	1
1734.0	0	1	0	0
1735.0	0	0	0	1
1736.0	0	0	0	2
1737.0	0	1	0	0
1740.0	0	0	0	1
1741.0	0	2	0	0
1744.0	0	1	0	0
1747.0	0	0	0	1
1749.0	0	0	0	2
1750.0	0	1	0	2
1751.0	0	2	0	0
1754.0	0	0	0	1
1755.0	0	0	0	2
1756.0	0	1	0	1
1757.0	0	0	0	1
1758.0	0	2	0	1
1759.0	0	1	0	0
1762.0	0	0	0	1
1763.0	0	0	0	1
1765.0	0	0	0	1
1766.0	0	2	0	0
1767.0	0	1	0	1
1769.0	0	1	0	2
1771.0	0	3	0	0
1773.0	0	1	0	1
1774.0	0	2	0	2
1775.0	0	1	0	2
1778.0	0	1	0	1
1780.0	0	2	0	0
1781.0	0	1	0	0
1783.0	0	0	0	3
1787.0	0	0	0	1
1788.0	0	2	0	0
1789.0	0	1	0	0
1793.0	0	2	0	1
1794.0	0	1	0	0
1796.0	0	0	0	1
1797.0	0	1	0	0
1799.0	0	1	0	0
1800.0	0	0	0	1
1801.0	0	0	0	1
1806.0	0	4	0	0
1807.0	0	0	0	1
1812.0	0	0	0	1
1813.0	0	1	0	0
1816.0	0	1	0	0
1818.0	0	0	0	1
1820.0	0	0	0	2
1821.0	0	2	0	0
1822.0	0	1	0	1
1827.0	0	0	0	1
1829.0	0	0	0	2
1831.0	0	0	0	1
1832.0	0	0	0	1
1837.0	0	2	0	1
1838.0	0	0	0	2
1839.0	0	0	0	1
1840.0	0	1	0	1
1841.0	0	0	0	1
1842.0	0	1	0	0
1843.0	0	0	0	2
1845.0	0	1	0	0
1846.0	0	0	0	1
1847.0	0	2	0	0
1848.0	0	1	0	0
1849.0	0	2	0	0
1850.0	0	1	0	1
1853.0	0	0	0	2
1856.0	0	1	0	1
1857.0	0	1	0	1
1859.0	0	1	0	0
1860.0	0	1	0	0
1861.0	0	0	0	1
1862.0	0	0	0	1
1865.0	0	0	0	1
1866.0	0	1	0	1
1867.0	0	2	0	0
1869.0	0	1	0	0
1871.0	0	0	0	1
1873.0	0	1	0	0
1874.0	0	0	0	1
1875.0	0	1	0	0
1877.0	0	0	0	1
1878.0	0	1	0	1
1880.0	0	1	0	1
1881.0	0	0	0	1
1882.0	0	1	0	1
1883.0	0	1	0	2
1884.0	0	2	0	0
1886.0	0	1	0	0
1887.0	0	1	0	0
1888.0	0	1	0	1
1890.0	0	1	0	0
1891.0	0	0	0	1
1892.0	0	1	0	0
1893.0	0	2	0	0
1894.0	0	1	0	0
1896.0	0	1	0	0
1900.0	0	0	0	3
1903.0	0	0	0	1
1904.0	0	1	0	0
1910.0	0	1	0	0
1912.0	0	1	0	0
1913.0	0	0	0	1
1914.0	0	0	0	2
1915.0	0	0	0	1
1916.0	0	0	0	1
1920.0	0	1	0	0
1922.0	0	1	0	0
1924.0	0	0	0	1
1925.0	0	0	0	1
1926.0	0	1	0	0
1927.0	0	0	0	1
1928.0	0	0	0	1
1930.0	0	0	0	1
1931.0	0	1	0	0
1933.0	0	1	0	1
1934.0	0	1	0	0
1935.0	0	0	0	1
1937.0	0	1	0	0
1939.0	0	1	0	0
1940.0	0	2	0	1
1945.0	0	1	0	0
1946.0	0	1	0	0
1947.0	0	1	0	0
1948.0	0	1	0	0
1949.0	0	0	0	1
1950.0	0	0	0	1
1951.0	0	0	0	1
1954.0	0	0	0	1
1955.0	0	0	0	1
1957.0	0	1	0	1
1962.0	0	0	0	1
1963.0	0	2	0	0
1970.0	0	2	0	0
1971.0	0	1	0	0
1972.0	0	1	0	1
1978.0	0	1	0	0
1981.0	0	0	0	1
1984.0	0	0	0	2
1985.0	0	1	0	1
1988.0	0	0	0	1
1989.0	0	0	0	1
1990.0	0	0	0	1
1993.0	0	0	0	1
1994.0	0	0	0	1
1996.0	0	1	0	1
1999.0	0	1	0	0
2001.0	0	0	0	1
2005.0	0	1	0	0
2006.0	0	1	0	0
2007.0	0	0	0	1
2008.0	0	1	0	0
2009.0	0	1	0	0
2010.0	0	1	0	0
2011.0	0	1	0	0
2014.0	0	1	0	1
2016.0	0	0	0	1
2017.0	0	0	0	1
2020.0	0	0	0	1
2021.0	0	1	0	0
2024.0	0	1	0	0
2025.0	0	1	0	1
2026.0	0	0	0	1
2029.0	0	1	0	0
2031.0	0	0	0	1
2034.0	0	0	0	2
2036.0	0	2	0	2
2037.0	0	0	0	1
2039.0	0	0	0	2
2040.0	0	1	0	0
2041.0	0	1	0	0
2043.0	0	0	0	1
2046.0	0	0	0	1
2049.0	0	1	0	1
2050.0	0	1	0	0
2051.0	0	2	0	0
2052.0	0	2	0	0
2055.0	0	1	0	2
2056.0	0	0	0	1
2057.0	0	1	0	0
2058.0	0	0	0	1
2059.0	0	2	0	0
2061.0	0	3	0	0
2067.0	0	0	0	2
2070.0	0	1	0	1
2072.0	0	1	0	0
2073.0	0	1	0	0
2076.0	0	1	0	0
2080.0	0	1	0	0
2084.0	0	0	0	1
2086.0	0	1	0	2
2088.0	0	0	0	1
2092.0	0	0	0	1
2093.0	0	1	0	1
2094.0	0	0	0	1
2095.0	0	0	0	1
2100.0	0	1	0	0
2107.0	0	1	0	0
2109.0	0	0	0	2
2110.0	0	1	0	1
2113.0	0	0	0	1
2114.0	0	3	0	0
2116.0	0	1	0	0
2118.0	0	0	0	1
2120.0	0	0	0	1
2122.0	0	2	0	0
2123.0	0	1	0	0
2124.0	0	0	0	1
2125.0	0	1	0	0
2126.0	0	0	0	1
2127.0	0	0	0	1
2128.0	0	1	0	1
2131.0	0	0	0	1
2132.0	0	0	0	1
2137.0	0	0	0	1
2139.0	0	1	0	0
2140.0	0	0	0	1
2141.0	0	2	0	1
2144.0	0	1	0	0
2145.0	0	0	0	1
2146.0	0	1	0	1
2149.0	0	1	0	1
2150.0	0	0	0	1
2151.0	0	1	0	1
2155.0	0	1	0	0
2158.0	0	0	0	1
2159.0	0	1	0	0
2160.0	0	2	0	0
2161.0	0	0	0	1
2165.0	0	2	0	2
2167.0	0	0	0	1
2168.0	0	1	0	0
2170.0	0	1	0	1
2171.0	0	1	0	0
2173.0	0	1	0	1
2177.0	0	1	0	0
2178.0	0	0	0	1
2180.0	0	0	0	2
2181.0	0	3	0	0
2183.0	0	0	0	1
2185.0	0	0	0	1
2188.0	0	1	0	2
2189.0	0	1	0	0
2196.0	0	1	0	0
2197.0	0	1	0	1
2198.0	0	1	0	0
2199.0	0	0	0	1
2200.0	0	0	0	1
2203.0	0	2	0	0
2208.0	0	2	0	0
2209.0	0	0	0	1
2219.0	0	1	0	0
2224.0	0	1	0	0
2225.0	0	1	0	0
2231.0	0	0	0	1
2232.0	0	0	0	2
2233.0	0	0	0	1
2236.0	0	0	0	1
2242.0	0	1	0	1
2243.0	0	1	0	1
2244.0	0	0	0	1
2245.0	0	1	0	0
2247.0	0	0	0	1
2252.0	0	1	0	1
2253.0	0	0	0	1
2254.0	0	0	0	1
2257.0	0	1	0	1
2258.0	0	3	0	1
2262.0	0	0	0	1
2265.0	0	0	0	1
2266.0	0	1	0	0
2269.0	0	0	0	1
2270.0	0	1	0	1
2272.0	0	1	0	0
2277.0	0	1	0	0
2278.0	0	2	0	0
2281.0	0	1	0	0
2284.0	0	1	0	0
2286.0	0	1	0	0
2287.0	0	0	0	1
2288.0	0	0	0	1
2291.0	0	0	0	1
2293.0	0	0	0	1
2295.0	0	1	0	0
2296.0	0	2	0	0
2301.0	0	0	0	1
2305.0	0	1	0	0
2306.0	0	0	0	1
2309.0	0	0	0	1
2316.0	0	1	0	0
2323.0	0	1	0	0
2325.0	0	0	0	1
2329.0	0	1	0	0
2330.0	0	0	0	1
2337.0	0	1	0	2
2338.0	0	1	0	0
2342.0	0	0	0	1
2350.0	0	1	0	0
2352.0	0	1	0	0
2357.0	0	1	0	0
2365.0	0	0	0	1
2367.0	0	1	0	0
2370.0	0	0	0	1
2372.0	0	0	0	1
2387.0	0	1	0	0
2388.0	0	0	0	1
2390.0	0	0	0	1
2393.0	0	1	0	0
2398.0	0	1	0	0
2408.0	0	1	0	0
2409.0	0	0	0	1
2412.0	0	1	0	1
2415.0	0	0	0	1
2416.0	0	0	0	1
2417.0	0	0	0	1
2420.0	0	0	0	1
2425.0	0	0	0	1
2426.0	0	1	0	0
2429.0	0	1	0	0
2432.0	0	1	0	0
2433.0	0	2	0	0
2434.0	0	0	0	1
2437.0	0	0	0	1
2438.0	0	1	0	0
2443.0	0	0	0	1
2444.0	0	0	0	1
2445.0	0	0	0	1
2446.0	0	0	0	1
2449.0	0	1	0	0
2450.0	0	0	0	1
2453.0	0	1	0	0
2454.0	0	1	0	0
2456.0	0	0	0	1
2457.0	0	1	0	0
2460.0	0	1	0	0
2461.0	0	0	0	1
2465.0	0	0	0	1
2467.0	0	1	0	0
2468.0	0	1	0	0
2469.0	0	0	0	1
2471.0	0	1	0	2
2474.0	0	0	0	1
2475.0	0	0	0	1
2476.0	0	1	0	0
2482.0	0	1	0	0
2483.0	0	0	0	2
2486.0	0	0	0	1
2487.0	0	2	0	0
2488.0	0	1	0	0
2491.0	0	1	0	0
2493.0	0	0	0	2
2497.0	0	0	0	1
2502.0	0	1	0	0
2503.0	0	1	0	0
2505.0	0	1	0	0
2510.0	0	1	0	0
2511.0	0	0	0	1
2512.0	0	0	0	1
2513.0	0	0	0	1
2514.0	0	1	0	0
2516.0	0	0	0	1
2517.0	0	1	0	0
2520.0	0	0	0	1
2522.0	0	2	0	0
2526.0	0	1	0	0
2528.0	0	0	0	1
2530.0	0	1	0	0
2533.0	0	0	0	1
2535.0	0	1	0	0
2539.0	0	1	0	0
2542.0	0	0	0	1
2549.0	0	1	0	0
2550.0	0	0	0	1
2553.0	0	1	0	1
2557.0	0	0	0	1
2559.0	0	1	0	0
2562.0	0	1	0	1
2564.0	0	0	0	1
2568.0	0	0	0	1
2571.0	0	0	0	1
2576.0	0	1	0	0
2578.0	0	0	0	1
2580.0	0	1	0	0
2582.0	0	1	0	0
2583.0	0	0	0	1
2584.0	0	1	0	0
2585.0	0	1	0	0
2589.0	0	1	0	0
2591.0	0	1	0	0
2592.0	0	1	0	0
2593.0	0	0	0	1
2595.0	0	0	0	1
2606.0	0	1	0	0
2608.0	0	1	0	0
2609.0	0	0	0	1
2615.0	0	1	0	0
2620.0	0	1	0	0
2633.0	0	0	0	1
2639.0	0	0	0	1
2644.0	0	0	0	1
2646.0	0	0	0	1
2647.0	0	1	0	0
2650.0	0	1	0	0
2653.0	0	0	0	1
2655.0	0	0	0	1
2656.0	0	0	0	1
2658.0	0	0	0	2
2667.0	0	1	0	0
2668.0	0	2	0	0
2673.0	0	0	0	1
2674.0	0	0	0	1
2676.0	0	0	0	1
2682.0	0	2	0	0
2688.0	0	1	0	0
2689.0	0	1	0	0
2691.0	0	0	0	1
2692.0	0	1	0	0
2693.0	0	1	0	0
2702.0	0	0	0	1
2707.0	0	1	0	0
2712.0	0	1	0	1
2717.0	0	0	0	1
2723.0	0	1	0	0
2725.0	0	0	0	1
2730.0	0	0	0	1
2738.0	0	1	0	0
2739.0	0	0	0	2
2742.0	0	0	0	1
2746.0	0	1	0	0
2749.0	0	1	0	0
2751.0	0	1	0	1
2752.0	0	0	0	1
2756.0	0	0	0	1
2759.0	0	0	0	1
2761.0	0	1	0	0
2762.0	0	0	0	2
2764.0	0	0	0	1
2766.0	0	1	0	0
2769.0	0	0	0	2
2771.0	0	0	0	2
2773.0	0	1	0	0
2774.0	0	2	0	0
2776.0	0	1	0	0
2778.0	0	1	0	0
2782.0	0	1	0	0
2787.0	0	1	0	0
2789.0	0	1	0	1
2790.0	0	1	0	0
2800.0	0	1	0	1
2804.0	0	1	0	0
2807.0	0	0	0	1
2809.0	0	0	0	1
2812.0	0	0	0	1
2816.0	0	1	0	0
2818.0	0	1	0	1
2826.0	0	2	0	0
2829.0	0	0	0	1
2835.0	0	1	0	0
2837.0	0	0	0	1
2840.0	0	1	0	0
2842.0	0	0	0	1
2848.0	0	0	0	1
2850.0	0	1	0	0
2855.0	0	0	0	1
2856.0	0	1	0	0
2859.0	0	1	0	0
2862.0	0	1	0	0
2865.0	0	1	0	1
2869.0	0	0	0	1
2875.0	0	1	0	0
2877.0	0	0	0	1
2878.0	0	0	0	1
2883.0	0	1	0	0
2889.0	0	1	0	0
2894.0	0	0	0	1
2903.0	0	1	0	0
2904.0	0	0	0	1
2913.0	0	0	0	1
2915.0	0	1	0	0
2916.0	0	0	0	1
2918.0	0	1	0	0
2928.0	0	0	0	1
2936.0	0	0	0	1
2937.0	0	1	0	0
2938.0	0	1	0	0
2939.0	0	0	0	1
2941.0	0	0	0	1
2945.0	0	1	0	0
2952.0	0	0	0	1
2954.0	0	1	0	0
2955.0	0	0	0	1
2958.0	0	1	0	0
2965.0	0	0	0	1
2968.0	0	1	0	0
2971.0	0	1	0	0
2975.0	0	0	0	1
2976.0	0	1	0	0
2977.0	0	1	0	0
2986.0	0	0	0	1
3001.0	0	0	0	1
3004.0	0	1	0	0
3009.0	0	0	0	1
3012.0	0	1	0	0
3013.0	0	1	0	0
3025.0	0	2	0	0
3077.0	0	0	0	2
3082.0	0	0	0	1
3085.0	0	0	0	1
3089.0	0	0	0	1
3090.0	0	1	0	0
3099.0	0	1	0	0
3102.0	0	0	0	1
3109.0	0	1	0	0
3116.0	0	1	0	0
3119.0	0	1	0	0
3123.0	0	0	0	1
3129.0	0	1	0	0
3137.0	0	0	0	1
3140.0	0	0	0	1
3146.0	0	1	0	0
3149.0	0	0	0	1
3150.0	0	0	0	2
3156.0	0	0	0	1
3163.0	0	1	0	0
3165.0	0	1	0	0
3166.0	0	1	0	0
3171.0	0	0	0	1
3172.0	0	0	0	1
3176.0	0	1	0	0
3180.0	0	1	0	1
3181.0	0	1	0	0
3183.0	0	1	0	0
3197.0	0	0	0	1
3204.0	0	1	0	0
3208.0	0	1	0	0
3211.0	0	0	0	1
3212.0	0	0	0	3
3217.0	0	1	0	0
3234.0	0	1	0	0
3235.0	0	1	0	0
3237.0	0	0	0	1
3238.0	0	1	0	0
3239.0	0	0	0	1
3242.0	0	1	0	1
3248.0	0	0	0	1
3252.0	0	0	0	1
3255.0	0	1	0	0
3260.0	0	0	0	1
3262.0	0	1	0	0
3267.0	0	0	0	1
3268.0	0	1	0	0
3272.0	0	1	0	0
3274.0	0	1	0	0
3278.0	0	1	0	0
3296.0	0	0	0	1
3297.0	0	1	0	0
3299.0	0	0	0	1
3306.0	0	0	0	1
3311.0	0	0	0	1
3313.0	0	1	0	0
3321.0	0	0	0	1
3329.0	0	1	0	0
3330.0	0	1	0	1
3331.0	0	0	0	1
3334.0	0	1	0	0
3356.0	0	1	0	0
3357.0	0	1	0	0
3359.0	0	1	0	0
3367.0	0	0	0	1
3388.0	0	0	0	1
3390.0	0	0	0	1
3393.0	0	0	0	1
3400.0	0	1	0	0
3414.0	0	1	0	0
3420.0	0	1	0	0
3430.0	0	0	0	1
3435.0	0	1	0	0
3439.0	0	0	0	1
3458.0	0	1	0	0
3459.0	0	0	0	1
3474.0	0	1	0	0
3478.0	0	0	0	1
3485.0	0	0	0	1
3496.0	0	1	0	0
3505.0	0	1	0	0
3512.0	0	0	0	2
3513.0	0	1	0	0
3517.0	0	0	0	1
3521.0	0	0	0	1
3531.0	0	1	0	0
3540.0	0	1	0	0
3555.0	0	0	0	2
3562.0	0	0	0	1
3566.0	0	2	0	0
3575.0	0	1	0	1
3588.0	0	0	0	1
3589.0	0	1	0	0
3596.0	0	0	0	1
3602.0	0	1	0	0
3604.0	0	1	0	0
3606.0	0	1	0	0
3616.0	0	0	0	1
3617.0	0	1	0	0
3625.0	0	0	0	1
3628.0	0	0	0	1
3650.0	0	1	0	0
3664.0	0	1	0	0
3668.0	0	1	0	0
3717.0	0	0	0	1
3718.0	0	0	0	1
3733.0	0	0	0	1
3748.0	0	1	0	0
3754.0	0	1	0	0
3760.0	0	1	0	0
3822.0	0	0	0	1
3829.0	0	0	0	1
3840.0	0	0	0	1
3843.0	0	0	0	1
3851.0	0	0	0	1
3852.0	0	1	0	0
3862.0	0	1	0	0
3882.0	0	1	0	0
3891.0	0	1	0	0
3895.0	0	0	0	1
3903.0	0	0	0	1
3905.0	0	0	0	1
3907.0	0	1	0	0
3909.0	0	0	0	1
3914.0	0	0	0	1
3923.0	0	0	0	1
3926.0	0	1	0	0
3927.0	0	1	0	0
3930.0	0	1	0	0
3934.0	0	1	0	0
3937.0	0	1	0	0
3938.0	0	0	0	1
3952.0	0	0	0	1
3956.0	0	1	0	0
3962.0	0	1	0	0
3963.0	0	0	0	1
3964.0	0	0	0	1
3965.0	0	0	0	1
3982.0	0	0	0	1
3986.0	0	2	0	0
3987.0	0	1	0	0
3994.0	0	0	0	1
4004.0	0	1	0	0
4007.0	0	1	0	0
4012.0	0	0	0	1
4016.0	0	1	0	0
4035.0	0	0	0	1
4052.0	0	1	0	0
4085.0	0	1	0	0
4095.0	0	0	0	1
4102.0	0	0	0	1
4110.0	0	1	0	0
4115.0	0	1	0	0
4117.0	0	0	0	1
4134.0	0	0	0	1
4153.0	0	1	0	0
4165.0	0	1	0	0
4180.0	0	0	0	1
4206.0	0	1	0	0
4227.0	0	0	0	2
4244.0	0	0	0	1
4247.0	0	1	0	0
4253.0	0	1	0	0
4267.0	0	0	0	1
4279.0	0	1	0	0
4284.0	0	0	0	1
4292.0	0	0	0	1
4304.0	0	1	0	0
4315.0	0	1	0	0
4334.0	0	1	0	0
4389.0	0	0	0	1
4402.0	0	0	0	1
4417.0	0	1	0	0
4435.0	0	1	0	0
4494.0	0	0	0	1
4533.0	0	1	0	0
4548.0	0	0	0	1
4573.0	0	1	0	0
4611.0	0	0	0	1
4651.0	0	1	0	0
4723.0	0	0	0	1
4726.0	0	0	0	1
4762.0	0	1	0	0
4764.0	0	1	0	1
4773.0	0	0	0	1
4775.0	0	0	0	1
4796.0	0	1	0	0
4804.0	0	1	0	0
4820.0	0	1	0	0
4887.0	0	0	0	1
4909.0	0	0	0	1
4914.0	0	0	0	1
4918.0	0	0	0	1
4941.0	0	0	0	1
4946.0	0	0	0	1
4950.0	0	1	0	0
4951.0	0	1	0	0
4963.0	0	0	0	1
4965.0	0	1	0	0
4975.0	0	0	0	1
4979.0	0	1	0	0
4981.0	0	0	0	1
4988.0	0	1	0	0
4993.0	0	1	0	0
5003.0	0	0	0	1
5012.0	0	2	0	0
5024.0	0	1	0	0
5046.0	0	1	0	0
5092.0	0	0	0	1
5132.0	0	1	0	0
5135.0	0	0	0	1
5168.0	0	1	0	0
5244.0	0	0	0	1
5245.0	0	0	0	1
5288.0	0	1	0	0
5306.0	0	1	0	0
5394.0	0	0	0	1
5403.0	0	0	0	1
5428.0	0	0	0	1
5441.0	0	1	0	0
5459.0	0	1	0	0
5466.0	0	1	0	0
5792.0	0	0	0	1
5794.0	0	0	0	1
5841.0	0	1	0	0
5842.0	0	1	0	0
5988.0	0	0	0	1
5998.0	0	0	0	1
6008.0	0	0	0	1
6031.0	0	1	0	0
6056.0	0	1	0	0
6073.0	0	1	0	0
6271.0	0	0	0	1
6305.0	0	1	0	0
6324.0	0	0	0	1
6330.0	0	0	0	1
6397.0	0	1	0	0
6420.0	0	0	0	1
6421.0	0	1	0	0
6484.0	0	1	0	0
6494.0	0	0	0	1
6550.0	0	1	0	0
6763.0	0	0	0	1
6794.0	0	0	0	1
6818.0	0	1	0	0
6864.0	0	1	0	0
6976.0	0	0	0	1
7054.0	0	1	0	0
7091.0	0	0	0	1
7168.0	0	1	0	0
7430.0	0	0	0	1
7437.0	0	0	0	1
7473.0	0	1	0	0
7503.0	0	1	0	0
7573.0	0	0	0	1
7609.0	0	0	0	1
7648.0	0	1	0	0
7667.0	0	1	0	0
7722.0	0	0	0	1
7792.0	0	1	0	0
7820.0	0	0	0	1
7891.0	0	1	0	0
8187.0	0	0	0	1
8270.0	0	1	0	0
8347.0	0	0	0	1
8433.0	0	1	0	0
8827.0	0	0	0	1
8881.0	0	1	0	0
8900.0	0	0	0	1
8980.0	0	1	0	0
9221.0	0	0	0	1
9318.0	0	1	0	0
10007.0	0	0	0	1
10110.0	0	1	0	0
10136.0	0	0	0	1
10243.0	0	1	0	0
10483.0	0	0	0	1
10599.0	0	1	0	0
14010.0	0	0	0	1
14083.0	0	0	0	1
14156.0	0	1	0	0
14273.0	0	1	0	0
15125.0	0	0	0	1
15293.0	0	1	0	0

