## htsjdk.samtools.metrics.StringHeader
# MarkDuplicates INPUT=[/scratch/eknodel/TESLA/RNAseq/sorted_bam/TESLA_3_RNA_HISAT2_genome_aligned_sortedbycoord.bam] OUTPUT=/scratch/eknodel/TESLA/RNAseq/sorted_bam/TESLA_3_RNA_HISAT2_genome_aligned_sortedbycoord_mkdup.bam METRICS_FILE=TESLA_3.picard_mkdup_metrics.txt    MAX_SEQUENCES_FOR_DISK_READ_ENDS_MAP=50000 MAX_FILE_HANDLES_FOR_READ_ENDS_MAP=8000 SORTING_COLLECTION_SIZE_RATIO=0.25 TAG_DUPLICATE_SET_MEMBERS=false REMOVE_SEQUENCING_DUPLICATES=false TAGGING_POLICY=DontTag CLEAR_DT=true DUPLEX_UMI=false ADD_PG_TAG_TO_READS=true REMOVE_DUPLICATES=false ASSUME_SORTED=false DUPLICATE_SCORING_STRATEGY=SUM_OF_BASE_QUALITIES PROGRAM_RECORD_ID=MarkDuplicates PROGRAM_GROUP_NAME=MarkDuplicates READ_NAME_REGEX=<optimized capture of last three ':' separated fields as numeric values> OPTICAL_DUPLICATE_PIXEL_DISTANCE=100 MAX_OPTICAL_DUPLICATE_SET_SIZE=300000 VERBOSITY=INFO QUIET=false VALIDATION_STRINGENCY=STRICT COMPRESSION_LEVEL=5 MAX_RECORDS_IN_RAM=500000 CREATE_INDEX=false CREATE_MD5_FILE=false GA4GH_CLIENT_SECRETS=client_secrets.json USE_JDK_DEFLATER=false USE_JDK_INFLATER=false
## htsjdk.samtools.metrics.StringHeader
# Started on: Thu Mar 16 20:12:20 MST 2023

## METRICS CLASS	picard.sam.DuplicationMetrics
LIBRARY	UNPAIRED_READS_EXAMINED	READ_PAIRS_EXAMINED	SECONDARY_OR_SUPPLEMENTARY_RDS	UNMAPPED_READS	UNPAIRED_READ_DUPLICATES	READ_PAIR_DUPLICATES	READ_PAIR_OPTICAL_DUPLICATES	PERCENT_DUPLICATION	ESTIMATED_LIBRARY_SIZE
Unknown Library	3294271	63202471	22578263	0	2420763	16379009	171101	0.271234	100501606

## HISTOGRAM	java.lang.Double
BIN	VALUE	all_sets	optical_sets	non_optical_sets
1.0	1.00195	40808438	0	40905241
2.0	1.536184	4377328	151925	4313938
3.0	1.821034	875311	5444	852783
4.0	1.972914	291635	938	285117
5.0	2.053896	136411	325	134360
6.0	2.097075	77973	152	77068
7.0	2.120097	49814	98	49320
8.0	2.132373	34222	78	34014
9.0	2.138918	24660	34	24576
10.0	2.142408	18776	28	18618
11.0	2.144269	14400	23	14289
12.0	2.145261	11551	18	11506
13.0	2.14579	9314	13	9287
14.0	2.146072	7753	11	7728
15.0	2.146222	6573	5	6547
16.0	2.146303	5529	11	5492
17.0	2.146345	4655	8	4643
18.0	2.146368	4269	4	4254
19.0	2.14638	3622	4	3614
20.0	2.146387	3180	2	3174
21.0	2.14639	2863	1	2840
22.0	2.146392	2483	1	2474
23.0	2.146393	2407	0	2404
24.0	2.146394	2083	3	2062
25.0	2.146394	1858	4	1851
26.0	2.146394	1705	1	1710
27.0	2.146394	1532	2	1514
28.0	2.146394	1388	1	1380
29.0	2.146394	1336	0	1353
30.0	2.146394	1278	0	1283
31.0	2.146394	1190	0	1193
32.0	2.146394	1089	0	1077
33.0	2.146394	1016	1	1004
34.0	2.146394	950	1	937
35.0	2.146394	871	0	888
36.0	2.146394	871	0	854
37.0	2.146394	772	1	775
38.0	2.146394	729	0	724
39.0	2.146394	704	1	712
40.0	2.146394	687	1	682
41.0	2.146394	643	0	636
42.0	2.146394	634	0	633
43.0	2.146394	611	0	616
44.0	2.146394	587	0	582
45.0	2.146394	518	0	506
46.0	2.146394	517	0	541
47.0	2.146394	471	0	456
48.0	2.146394	459	0	462
49.0	2.146394	458	0	461
50.0	2.146394	432	0	415
51.0	2.146394	391	0	391
52.0	2.146394	389	0	394
53.0	2.146394	401	0	401
54.0	2.146394	382	0	396
55.0	2.146394	352	0	332
56.0	2.146394	317	0	339
57.0	2.146394	323	0	314
58.0	2.146394	363	0	357
59.0	2.146394	346	0	340
60.0	2.146394	301	0	316
61.0	2.146394	311	0	299
62.0	2.146394	298	0	305
63.0	2.146394	319	0	301
64.0	2.146394	280	0	282
65.0	2.146394	260	0	270
66.0	2.146394	286	0	289
67.0	2.146394	258	0	256
68.0	2.146394	268	0	263
69.0	2.146394	251	0	251
70.0	2.146394	229	0	230
71.0	2.146394	215	0	214
72.0	2.146394	210	0	200
73.0	2.146394	210	0	214
74.0	2.146394	231	0	234
75.0	2.146394	234	0	232
76.0	2.146394	187	0	194
77.0	2.146394	178	0	179
78.0	2.146394	199	0	209
79.0	2.146394	216	0	197
80.0	2.146394	188	0	188
81.0	2.146394	189	0	187
82.0	2.146394	187	0	193
83.0	2.146394	170	0	169
84.0	2.146394	161	0	171
85.0	2.146394	182	0	167
86.0	2.146394	162	0	159
87.0	2.146394	160	0	167
88.0	2.146394	165	0	166
89.0	2.146394	165	0	148
90.0	2.146394	131	0	140
91.0	2.146394	158	0	153
92.0	2.146394	124	0	131
93.0	2.146394	127	0	127
94.0	2.146394	136	0	137
95.0	2.146394	146	0	144
96.0	2.146394	130	0	139
97.0	2.146394	138	0	132
98.0	2.146394	103	0	111
99.0	2.146394	154	0	137
100.0	2.146394	149	0	152
101.0	0	113	0	115
102.0	0	136	0	132
103.0	0	116	0	114
104.0	0	101	0	104
105.0	0	110	0	116
106.0	0	126	0	123
107.0	0	99	0	96
108.0	0	97	0	107
109.0	0	127	0	116
110.0	0	91	0	99
111.0	0	122	0	119
112.0	0	94	0	91
113.0	0	100	0	102
114.0	0	95	0	94
115.0	0	98	0	98
116.0	0	90	0	83
117.0	0	78	0	78
118.0	0	88	0	95
119.0	0	100	0	102
120.0	0	97	0	91
121.0	0	85	0	83
122.0	0	90	0	92
123.0	0	78	0	80
124.0	0	95	0	93
125.0	0	79	0	75
126.0	0	76	0	84
127.0	0	76	0	74
128.0	0	81	0	86
129.0	0	76	0	71
130.0	0	70	0	71
131.0	0	79	0	80
132.0	0	79	0	83
133.0	0	85	0	83
134.0	0	65	0	59
135.0	0	76	0	83
136.0	0	86	0	82
137.0	0	74	0	67
138.0	0	73	0	70
139.0	0	63	0	70
140.0	0	56	0	59
141.0	0	71	0	65
142.0	0	69	0	67
143.0	0	53	0	52
144.0	0	62	0	70
145.0	0	65	0	60
146.0	0	58	0	56
147.0	0	55	0	62
148.0	0	61	0	58
149.0	0	64	0	61
150.0	0	61	0	61
151.0	0	56	0	55
152.0	0	49	0	52
153.0	0	65	0	66
154.0	0	60	0	70
155.0	0	61	0	51
156.0	0	55	0	53
157.0	0	57	0	57
158.0	0	61	0	65
159.0	0	60	0	57
160.0	0	49	0	53
161.0	0	61	0	58
162.0	0	62	0	52
163.0	0	37	0	45
164.0	0	57	0	54
165.0	0	51	0	52
166.0	0	53	0	54
167.0	0	51	0	52
168.0	0	39	0	51
169.0	0	58	0	41
170.0	0	38	0	46
171.0	0	50	0	45
172.0	0	44	0	40
173.0	0	46	0	62
174.0	0	52	0	43
175.0	0	51	0	46
176.0	0	52	0	55
177.0	0	47	0	48
178.0	0	38	0	46
179.0	0	50	0	44
180.0	0	47	0	50
181.0	0	51	0	45
182.0	0	40	0	41
183.0	0	35	0	34
184.0	0	46	0	44
185.0	0	46	0	43
186.0	0	34	0	33
187.0	0	30	0	39
188.0	0	36	0	34
189.0	0	42	0	38
190.0	0	44	0	43
191.0	0	39	0	40
192.0	0	38	0	37
193.0	0	39	0	43
194.0	0	47	0	41
195.0	0	37	0	42
196.0	0	36	0	36
197.0	0	39	0	38
198.0	0	46	0	43
199.0	0	31	0	33
200.0	0	41	0	39
201.0	0	30	0	27
202.0	0	25	0	32
203.0	0	36	0	34
204.0	0	38	0	41
205.0	0	36	0	28
206.0	0	35	0	42
207.0	0	36	0	36
208.0	0	30	0	26
209.0	0	20	0	29
210.0	0	37	0	25
211.0	0	26	0	31
212.0	0	32	0	30
213.0	0	21	0	25
214.0	0	28	0	32
215.0	0	41	0	39
216.0	0	37	0	33
217.0	0	29	0	29
218.0	0	30	0	31
219.0	0	26	0	26
220.0	0	34	0	38
221.0	0	35	0	29
222.0	0	27	0	28
223.0	0	29	0	29
224.0	0	25	0	25
225.0	0	33	0	36
226.0	0	31	0	33
227.0	0	31	0	30
228.0	0	25	0	27
229.0	0	31	0	31
230.0	0	35	0	26
231.0	0	27	0	27
232.0	0	27	0	27
233.0	0	22	0	29
234.0	0	31	0	35
235.0	0	32	0	26
236.0	0	28	0	26
237.0	0	22	0	26
238.0	0	29	0	23
239.0	0	34	0	39
240.0	0	23	0	24
241.0	0	25	0	19
242.0	0	22	0	23
243.0	0	21	0	19
244.0	0	15	0	22
245.0	0	25	0	21
246.0	0	25	0	25
247.0	0	31	0	29
248.0	0	19	0	20
249.0	0	27	0	26
250.0	0	24	0	24
251.0	0	26	0	20
252.0	0	20	0	26
253.0	0	31	0	30
254.0	0	25	0	35
255.0	0	32	0	26
256.0	0	30	0	27
257.0	0	29	0	26
258.0	0	22	0	23
259.0	0	23	0	23
260.0	0	15	0	23
261.0	0	27	0	28
262.0	0	30	0	24
263.0	0	15	0	18
264.0	0	28	0	27
265.0	0	27	0	30
266.0	0	25	0	20
267.0	0	28	0	27
268.0	0	21	0	20
269.0	0	14	0	13
270.0	0	11	0	17
271.0	0	23	0	24
272.0	0	27	0	24
273.0	0	18	0	17
274.0	0	21	0	22
275.0	0	20	0	20
276.0	0	21	0	19
277.0	0	18	0	17
278.0	0	15	0	12
279.0	0	20	0	24
280.0	0	16	0	14
281.0	0	17	0	16
282.0	0	18	0	19
283.0	0	19	0	28
284.0	0	21	0	19
285.0	0	20	0	18
286.0	0	20	0	18
287.0	0	17	0	17
288.0	0	24	0	24
289.0	0	22	0	20
290.0	0	17	0	18
291.0	0	15	0	12
292.0	0	19	0	23
293.0	0	12	0	11
294.0	0	22	0	24
295.0	0	20	0	11
296.0	0	10	0	14
297.0	0	10	0	6
298.0	0	13	0	17
299.0	0	17	0	18
300.0	0	17	0	17
301.0	0	16	0	19
302.0	0	23	0	23
303.0	0	21	0	18
304.0	0	14	0	13
305.0	0	18	0	17
306.0	0	12	0	16
307.0	0	15	0	12
308.0	0	17	0	16
309.0	0	14	0	17
310.0	0	18	0	20
311.0	0	15	0	12
312.0	0	22	0	23
313.0	0	20	0	19
314.0	0	16	0	24
315.0	0	20	0	14
316.0	0	17	0	18
317.0	0	12	0	11
318.0	0	15	0	24
319.0	0	24	0	18
320.0	0	15	0	13
321.0	0	17	0	11
322.0	0	17	0	18
323.0	0	15	0	17
324.0	0	16	0	15
325.0	0	16	0	16
326.0	0	16	0	26
327.0	0	16	0	18
328.0	0	22	0	17
329.0	0	18	0	17
330.0	0	16	0	11
331.0	0	11	0	12
332.0	0	16	0	17
333.0	0	15	0	11
334.0	0	11	0	16
335.0	0	14	0	10
336.0	0	16	0	18
337.0	0	15	0	15
338.0	0	7	0	14
339.0	0	19	0	18
340.0	0	18	0	14
341.0	0	19	0	17
342.0	0	14	0	12
343.0	0	7	0	7
344.0	0	12	0	12
345.0	0	11	0	17
346.0	0	17	0	16
347.0	0	12	0	9
348.0	0	10	0	14
349.0	0	19	0	13
350.0	0	14	0	12
351.0	0	13	0	17
352.0	0	17	0	16
353.0	0	15	0	18
354.0	0	13	0	12
355.0	0	11	0	9
356.0	0	8	0	7
357.0	0	12	0	10
358.0	0	11	0	18
359.0	0	15	0	11
360.0	0	13	0	6
361.0	0	6	0	11
362.0	0	10	0	11
363.0	0	8	0	12
364.0	0	16	0	8
365.0	0	8	0	11
366.0	0	15	0	19
367.0	0	12	0	11
368.0	0	13	0	14
369.0	0	16	0	13
370.0	0	16	0	14
371.0	0	13	0	17
372.0	0	12	0	16
373.0	0	16	0	13
374.0	0	9	0	13
375.0	0	16	0	14
376.0	0	13	0	9
377.0	0	14	0	11
378.0	0	9	0	9
379.0	0	10	0	8
380.0	0	8	0	9
381.0	0	10	0	12
382.0	0	5	0	8
383.0	0	9	0	12
384.0	0	20	0	7
385.0	0	8	0	17
386.0	0	5	0	8
387.0	0	15	0	9
388.0	0	7	0	8
389.0	0	8	0	8
390.0	0	12	0	12
391.0	0	9	0	13
392.0	0	8	0	5
393.0	0	9	0	9
394.0	0	10	0	4
395.0	0	7	0	7
396.0	0	5	0	10
397.0	0	6	0	14
398.0	0	18	0	10
399.0	0	9	0	6
400.0	0	7	0	10
401.0	0	6	0	12
402.0	0	13	0	11
403.0	0	15	0	9
404.0	0	6	0	6
405.0	0	12	0	9
406.0	0	3	0	7
407.0	0	8	0	9
408.0	0	13	0	15
409.0	0	10	0	7
410.0	0	7	0	8
411.0	0	8	0	7
412.0	0	5	0	12
413.0	0	13	0	6
414.0	0	7	0	5
415.0	0	8	0	13
416.0	0	15	0	11
417.0	0	9	0	12
418.0	0	11	0	12
419.0	0	9	0	7
420.0	0	7	0	10
421.0	0	11	0	5
422.0	0	4	0	9
423.0	0	8	0	4
424.0	0	9	0	13
425.0	0	10	0	11
426.0	0	11	0	7
427.0	0	7	0	2
428.0	0	5	0	6
429.0	0	6	0	5
430.0	0	2	0	4
431.0	0	5	0	12
432.0	0	13	0	8
433.0	0	5	0	9
434.0	0	14	0	12
435.0	0	9	0	10
436.0	0	6	0	6
437.0	0	8	0	8
438.0	0	13	0	9
439.0	0	7	0	12
440.0	0	5	0	11
441.0	0	14	0	10
442.0	0	7	0	5
443.0	0	11	0	6
444.0	0	7	0	8
445.0	0	6	0	8
446.0	0	8	0	7
447.0	0	6	0	6
448.0	0	8	0	9
449.0	0	11	0	7
450.0	0	3	0	6
451.0	0	11	0	8
452.0	0	3	0	7
453.0	0	5	0	7
454.0	0	11	0	10
455.0	0	6	0	7
456.0	0	6	0	6
457.0	0	6	0	9
458.0	0	10	0	5
459.0	0	4	0	8
460.0	0	12	0	10
461.0	0	5	0	4
462.0	0	10	0	8
463.0	0	10	0	12
464.0	0	9	0	8
465.0	0	5	0	7
466.0	0	10	0	12
467.0	0	7	0	4
468.0	0	12	0	12
469.0	0	4	0	10
470.0	0	7	0	7
471.0	0	13	0	9
472.0	0	7	0	4
473.0	0	9	0	5
474.0	0	5	0	10
475.0	0	5	0	8
476.0	0	3	0	3
477.0	0	10	0	6
478.0	0	5	0	8
479.0	0	10	0	8
480.0	0	7	0	4
481.0	0	10	0	18
482.0	0	6	0	4
483.0	0	10	0	7
484.0	0	8	0	5
485.0	0	4	0	3
486.0	0	3	0	3
487.0	0	8	0	5
488.0	0	5	0	6
489.0	0	2	0	7
490.0	0	4	0	3
491.0	0	7	0	6
492.0	0	8	0	9
493.0	0	3	0	7
494.0	0	11	0	9
495.0	0	6	0	4
496.0	0	7	0	7
497.0	0	6	0	6
498.0	0	10	0	3
499.0	0	2	0	3
500.0	0	3	0	6
501.0	0	4	0	4
502.0	0	1	0	4
503.0	0	6	0	3
504.0	0	5	0	9
505.0	0	10	0	4
506.0	0	2	0	7
507.0	0	3	0	5
508.0	0	10	0	10
509.0	0	6	0	6
510.0	0	6	0	3
511.0	0	6	0	6
512.0	0	5	0	3
513.0	0	2	0	6
514.0	0	7	0	2
515.0	0	2	0	3
516.0	0	4	0	6
517.0	0	8	0	7
518.0	0	6	0	3
519.0	0	4	0	10
520.0	0	5	0	10
521.0	0	10	0	4
522.0	0	6	0	3
523.0	0	3	0	3
524.0	0	6	0	10
525.0	0	7	0	8
526.0	0	5	0	6
527.0	0	7	0	5
528.0	0	8	0	7
529.0	0	9	0	6
530.0	0	7	0	16
531.0	0	11	0	11
532.0	0	5	0	6
533.0	0	9	0	7
534.0	0	4	0	2
535.0	0	7	0	4
536.0	0	3	0	6
537.0	0	7	0	4
538.0	0	3	0	5
539.0	0	6	0	5
540.0	0	7	0	8
541.0	0	7	0	9
542.0	0	9	0	7
543.0	0	8	0	2
544.0	0	3	0	4
545.0	0	3	0	4
546.0	0	3	0	7
547.0	0	7	0	4
548.0	0	5	0	4
549.0	0	5	0	3
550.0	0	4	0	4
551.0	0	2	0	2
552.0	0	7	0	5
553.0	0	4	0	3
554.0	0	1	0	6
555.0	0	2	0	2
556.0	0	5	0	7
557.0	0	5	0	6
558.0	0	6	0	5
559.0	0	5	0	3
560.0	0	5	0	2
561.0	0	1	0	4
562.0	0	4	0	6
563.0	0	4	0	2
564.0	0	4	0	5
565.0	0	2	0	5
566.0	0	5	0	0
567.0	0	2	0	2
568.0	0	4	0	4
569.0	0	4	0	7
570.0	0	2	0	3
571.0	0	6	0	4
572.0	0	6	0	5
573.0	0	4	0	3
574.0	0	2	0	3
575.0	0	5	0	5
576.0	0	4	0	5
577.0	0	3	0	7
578.0	0	5	0	2
579.0	0	4	0	2
580.0	0	8	0	5
581.0	0	0	0	1
582.0	0	3	0	6
583.0	0	3	0	7
584.0	0	5	0	3
585.0	0	5	0	5
586.0	0	5	0	8
587.0	0	5	0	4
588.0	0	9	0	6
589.0	0	6	0	5
590.0	0	5	0	5
591.0	0	5	0	1
592.0	0	4	0	4
593.0	0	1	0	3
594.0	0	6	0	5
595.0	0	6	0	5
596.0	0	2	0	3
597.0	0	3	0	2
598.0	0	2	0	1
599.0	0	2	0	5
600.0	0	3	0	4
601.0	0	7	0	4
602.0	0	1	0	4
603.0	0	0	0	2
604.0	0	2	0	7
605.0	0	5	0	4
606.0	0	4	0	5
607.0	0	9	0	5
608.0	0	7	0	9
609.0	0	4	0	4
610.0	0	8	0	5
611.0	0	4	0	4
612.0	0	6	0	5
613.0	0	1	0	3
614.0	0	7	0	5
615.0	0	4	0	6
616.0	0	4	0	3
617.0	0	6	0	3
618.0	0	4	0	9
619.0	0	6	0	2
620.0	0	1	0	3
621.0	0	5	0	1
622.0	0	3	0	3
623.0	0	0	0	3
624.0	0	5	0	9
625.0	0	6	0	3
626.0	0	3	0	9
627.0	0	7	0	2
628.0	0	6	0	2
629.0	0	5	0	3
630.0	0	3	0	5
631.0	0	3	0	3
632.0	0	4	0	3
633.0	0	2	0	3
634.0	0	4	0	4
635.0	0	5	0	4
636.0	0	5	0	5
637.0	0	3	0	5
638.0	0	5	0	4
639.0	0	3	0	4
640.0	0	5	0	10
641.0	0	10	0	5
642.0	0	1	0	1
643.0	0	5	0	3
644.0	0	4	0	3
645.0	0	3	0	3
646.0	0	0	0	4
647.0	0	3	0	3
648.0	0	3	0	1
649.0	0	3	0	3
650.0	0	3	0	6
651.0	0	4	0	3
652.0	0	1	0	4
653.0	0	5	0	3
654.0	0	5	0	2
655.0	0	2	0	0
656.0	0	3	0	6
657.0	0	2	0	1
658.0	0	4	0	4
659.0	0	3	0	3
660.0	0	0	0	2
661.0	0	5	0	4
662.0	0	4	0	4
663.0	0	3	0	3
664.0	0	3	0	7
665.0	0	8	0	4
666.0	0	3	0	4
667.0	0	3	0	4
668.0	0	5	0	4
669.0	0	3	0	1
670.0	0	6	0	6
671.0	0	3	0	3
672.0	0	2	0	3
673.0	0	5	0	5
674.0	0	3	0	2
675.0	0	3	0	3
676.0	0	6	0	3
677.0	0	1	0	5
678.0	0	4	0	4
679.0	0	1	0	3
680.0	0	6	0	5
681.0	0	6	0	6
682.0	0	5	0	0
683.0	0	0	0	1
684.0	0	4	0	5
685.0	0	1	0	6
686.0	0	3	0	1
687.0	0	3	0	1
688.0	0	2	0	4
689.0	0	5	0	3
690.0	0	3	0	3
691.0	0	2	0	1
692.0	0	5	0	6
693.0	0	2	0	3
694.0	0	5	0	4
695.0	0	2	0	4
696.0	0	5	0	4
697.0	0	3	0	2
698.0	0	2	0	1
699.0	0	3	0	3
700.0	0	2	0	3
701.0	0	0	0	3
702.0	0	5	0	5
703.0	0	5	0	3
704.0	0	3	0	5
705.0	0	4	0	1
706.0	0	1	0	3
707.0	0	7	0	6
708.0	0	3	0	4
709.0	0	5	0	0
710.0	0	3	0	5
711.0	0	2	0	2
712.0	0	0	0	1
713.0	0	2	0	3
714.0	0	3	0	0
715.0	0	2	0	3
716.0	0	2	0	0
717.0	0	1	0	1
718.0	0	1	0	4
719.0	0	2	0	3
720.0	0	3	0	3
721.0	0	2	0	4
722.0	0	6	0	2
723.0	0	5	0	4
724.0	0	2	0	1
725.0	0	3	0	6
726.0	0	1	0	3
727.0	0	2	0	2
728.0	0	3	0	4
729.0	0	3	0	9
730.0	0	5	0	8
731.0	0	7	0	3
732.0	0	5	0	0
733.0	0	5	0	2
734.0	0	3	0	5
735.0	0	3	0	3
736.0	0	8	0	5
737.0	0	1	0	3
738.0	0	1	0	0
739.0	0	4	0	4
740.0	0	3	0	0
741.0	0	2	0	0
742.0	0	1	0	6
743.0	0	2	0	2
744.0	0	3	0	0
745.0	0	2	0	2
746.0	0	1	0	0
747.0	0	1	0	2
748.0	0	0	0	2
749.0	0	2	0	2
750.0	0	1	0	3
751.0	0	1	0	3
752.0	0	2	0	0
753.0	0	1	0	6
754.0	0	8	0	5
755.0	0	5	0	4
756.0	0	4	0	2
757.0	0	2	0	2
758.0	0	1	0	3
759.0	0	3	0	4
760.0	0	3	0	1
761.0	0	2	0	2
762.0	0	1	0	1
763.0	0	5	0	4
764.0	0	2	0	3
765.0	0	1	0	1
766.0	0	2	0	1
767.0	0	1	0	2
768.0	0	2	0	3
769.0	0	4	0	4
770.0	0	3	0	1
771.0	0	3	0	2
772.0	0	3	0	3
773.0	0	2	0	2
774.0	0	0	0	3
775.0	0	4	0	1
776.0	0	2	0	2
777.0	0	3	0	2
778.0	0	1	0	4
779.0	0	3	0	7
780.0	0	7	0	4
781.0	0	5	0	3
782.0	0	3	0	2
783.0	0	2	0	2
784.0	0	2	0	1
785.0	0	5	0	5
786.0	0	3	0	6
787.0	0	2	0	2
788.0	0	3	0	4
789.0	0	2	0	3
790.0	0	3	0	4
791.0	0	2	0	1
792.0	0	5	0	3
793.0	0	3	0	3
794.0	0	1	0	4
795.0	0	7	0	4
796.0	0	3	0	4
797.0	0	4	0	2
798.0	0	2	0	3
799.0	0	6	0	4
800.0	0	2	0	1
801.0	0	1	0	1
802.0	0	2	0	0
804.0	0	2	0	7
805.0	0	6	0	1
806.0	0	1	0	2
807.0	0	1	0	2
808.0	0	2	0	2
809.0	0	2	0	1
810.0	0	1	0	2
811.0	0	3	0	3
812.0	0	1	0	1
813.0	0	1	0	3
814.0	0	3	0	3
815.0	0	1	0	1
816.0	0	2	0	4
817.0	0	3	0	3
818.0	0	3	0	3
819.0	0	2	0	2
820.0	0	5	0	4
821.0	0	3	0	1
822.0	0	4	0	3
823.0	0	2	0	1
824.0	0	1	0	2
825.0	0	1	0	3
826.0	0	1	0	0
827.0	0	1	0	0
828.0	0	2	0	3
829.0	0	1	0	2
830.0	0	2	0	2
831.0	0	4	0	1
832.0	0	3	0	2
833.0	0	0	0	1
834.0	0	1	0	2
835.0	0	2	0	3
836.0	0	2	0	3
837.0	0	3	0	4
838.0	0	3	0	5
839.0	0	2	0	3
840.0	0	4	0	3
841.0	0	5	0	1
842.0	0	2	0	1
843.0	0	0	0	3
844.0	0	1	0	1
845.0	0	3	0	1
846.0	0	4	0	3
847.0	0	1	0	1
848.0	0	2	0	1
849.0	0	0	0	2
850.0	0	0	0	5
851.0	0	2	0	2
852.0	0	6	0	3
853.0	0	2	0	1
854.0	0	1	0	1
855.0	0	1	0	2
856.0	0	5	0	3
857.0	0	2	0	3
858.0	0	3	0	2
859.0	0	1	0	2
860.0	0	2	0	0
861.0	0	3	0	2
862.0	0	0	0	2
863.0	0	1	0	0
864.0	0	1	0	2
865.0	0	0	0	3
866.0	0	3	0	3
867.0	0	4	0	1
868.0	0	1	0	2
869.0	0	1	0	1
870.0	0	6	0	4
871.0	0	0	0	1
872.0	0	3	0	2
873.0	0	2	0	2
874.0	0	0	0	2
875.0	0	1	0	1
876.0	0	3	0	2
877.0	0	1	0	2
878.0	0	3	0	1
879.0	0	1	0	2
880.0	0	1	0	3
881.0	0	2	0	2
882.0	0	4	0	0
883.0	0	2	0	1
884.0	0	1	0	4
885.0	0	2	0	1
886.0	0	3	0	2
887.0	0	2	0	2
888.0	0	0	0	1
889.0	0	2	0	0
890.0	0	0	0	1
891.0	0	0	0	4
892.0	0	1	0	2
893.0	0	2	0	1
894.0	0	5	0	2
895.0	0	3	0	3
896.0	0	0	0	2
897.0	0	2	0	2
898.0	0	2	0	2
899.0	0	1	0	1
900.0	0	3	0	2
901.0	0	1	0	1
902.0	0	1	0	2
903.0	0	0	0	5
904.0	0	7	0	1
905.0	0	2	0	2
906.0	0	3	0	3
907.0	0	0	0	2
908.0	0	3	0	1
909.0	0	1	0	1
910.0	0	1	0	1
911.0	0	2	0	0
912.0	0	2	0	2
913.0	0	2	0	2
914.0	0	1	0	2
915.0	0	1	0	2
916.0	0	0	0	1
917.0	0	1	0	0
918.0	0	0	0	1
919.0	0	2	0	1
920.0	0	1	0	1
921.0	0	3	0	2
922.0	0	1	0	2
923.0	0	3	0	0
924.0	0	0	0	3
925.0	0	2	0	2
926.0	0	1	0	1
927.0	0	2	0	2
928.0	0	2	0	3
929.0	0	1	0	3
930.0	0	4	0	0
931.0	0	3	0	3
932.0	0	2	0	2
933.0	0	1	0	3
934.0	0	3	0	1
935.0	0	1	0	1
936.0	0	2	0	2
937.0	0	1	0	1
938.0	0	2	0	1
939.0	0	0	0	1
940.0	0	0	0	1
941.0	0	3	0	0
942.0	0	0	0	1
943.0	0	0	0	1
944.0	0	2	0	4
945.0	0	1	0	0
946.0	0	1	0	2
947.0	0	2	0	2
948.0	0	4	0	3
949.0	0	1	0	2
950.0	0	1	0	2
951.0	0	1	0	3
952.0	0	2	0	2
953.0	0	4	0	1
954.0	0	1	0	2
955.0	0	3	0	0
956.0	0	1	0	1
957.0	0	1	0	0
960.0	0	1	0	1
961.0	0	0	0	2
962.0	0	1	0	1
963.0	0	1	0	2
964.0	0	1	0	3
965.0	0	2	0	1
966.0	0	5	0	1
967.0	0	1	0	2
968.0	0	1	0	0
969.0	0	1	0	2
970.0	0	3	0	3
971.0	0	0	0	2
972.0	0	2	0	2
973.0	0	3	0	1
974.0	0	0	0	4
975.0	0	2	0	0
976.0	0	2	0	1
977.0	0	2	0	1
978.0	0	0	0	1
979.0	0	2	0	0
980.0	0	1	0	1
981.0	0	2	0	2
983.0	0	0	0	4
984.0	0	0	0	1
985.0	0	3	0	1
986.0	0	2	0	1
988.0	0	0	0	2
989.0	0	3	0	3
990.0	0	2	0	0
991.0	0	1	0	2
992.0	0	2	0	0
993.0	0	0	0	1
994.0	0	1	0	1
995.0	0	3	0	1
996.0	0	2	0	2
997.0	0	1	0	2
998.0	0	1	0	0
999.0	0	3	0	1
1000.0	0	0	0	1
1001.0	0	0	0	3
1002.0	0	0	0	4
1003.0	0	1	0	1
1004.0	0	4	0	0
1005.0	0	2	0	1
1006.0	0	0	0	2
1007.0	0	1	0	1
1008.0	0	1	0	1
1009.0	0	1	0	1
1010.0	0	2	0	1
1011.0	0	2	0	1
1012.0	0	1	0	1
1014.0	0	1	0	0
1015.0	0	1	0	2
1016.0	0	1	0	1
1017.0	0	0	0	3
1018.0	0	3	0	0
1019.0	0	1	0	2
1020.0	0	2	0	1
1021.0	0	1	0	3
1022.0	0	1	0	1
1023.0	0	2	0	2
1024.0	0	0	0	2
1025.0	0	4	0	1
1026.0	0	2	0	0
1027.0	0	1	0	3
1028.0	0	2	0	1
1029.0	0	2	0	0
1031.0	0	1	0	3
1032.0	0	1	0	0
1033.0	0	1	0	2
1034.0	0	1	0	0
1035.0	0	1	0	5
1036.0	0	1	0	0
1038.0	0	2	0	3
1039.0	0	3	0	1
1040.0	0	1	0	4
1041.0	0	1	0	1
1042.0	0	1	0	1
1043.0	0	4	0	0
1044.0	0	4	0	3
1046.0	0	0	0	1
1047.0	0	0	0	2
1048.0	0	1	0	1
1049.0	0	3	0	0
1050.0	0	1	0	2
1051.0	0	1	0	1
1052.0	0	0	0	1
1053.0	0	1	0	1
1054.0	0	1	0	3
1055.0	0	1	0	1
1056.0	0	4	0	1
1057.0	0	1	0	2
1058.0	0	1	0	1
1059.0	0	1	0	0
1060.0	0	1	0	0
1061.0	0	1	0	1
1062.0	0	0	0	2
1063.0	0	0	0	3
1064.0	0	4	0	2
1065.0	0	1	0	0
1066.0	0	2	0	0
1068.0	0	1	0	1
1069.0	0	1	0	1
1070.0	0	1	0	1
1071.0	0	0	0	1
1072.0	0	1	0	0
1073.0	0	1	0	1
1074.0	0	1	0	4
1075.0	0	1	0	1
1076.0	0	1	0	4
1077.0	0	2	0	1
1078.0	0	3	0	2
1079.0	0	1	0	1
1080.0	0	1	0	1
1081.0	0	2	0	0
1082.0	0	2	0	1
1083.0	0	1	0	0
1084.0	0	2	0	0
1086.0	0	0	0	3
1087.0	0	1	0	1
1088.0	0	2	0	0
1091.0	0	0	0	1
1092.0	0	1	0	1
1093.0	0	1	0	2
1094.0	0	1	0	0
1095.0	0	2	0	2
1096.0	0	0	0	2
1097.0	0	0	0	1
1098.0	0	1	0	0
1100.0	0	1	0	0
1101.0	0	1	0	0
1102.0	0	2	0	0
1103.0	0	1	0	4
1104.0	0	0	0	2
1105.0	0	0	0	1
1106.0	0	3	0	1
1107.0	0	2	0	1
1108.0	0	0	0	1
1110.0	0	3	0	1
1111.0	0	1	0	2
1113.0	0	2	0	2
1114.0	0	1	0	1
1116.0	0	2	0	2
1119.0	0	1	0	1
1121.0	0	2	0	0
1123.0	0	2	0	1
1124.0	0	0	0	1
1126.0	0	2	0	1
1127.0	0	0	0	1
1128.0	0	0	0	1
1129.0	0	0	0	1
1130.0	0	0	0	2
1131.0	0	0	0	2
1132.0	0	3	0	4
1133.0	0	3	0	1
1134.0	0	3	0	1
1135.0	0	1	0	2
1136.0	0	2	0	2
1137.0	0	2	0	1
1138.0	0	1	0	1
1139.0	0	0	0	2
1140.0	0	5	0	2
1142.0	0	1	0	1
1143.0	0	1	0	0
1144.0	0	1	0	2
1145.0	0	1	0	0
1146.0	0	0	0	3
1147.0	0	3	0	0
1148.0	0	0	0	1
1149.0	0	2	0	1
1150.0	0	1	0	0
1151.0	0	0	0	1
1152.0	0	0	0	1
1153.0	0	1	0	2
1154.0	0	2	0	0
1155.0	0	2	0	3
1156.0	0	1	0	1
1157.0	0	2	0	1
1158.0	0	1	0	0
1159.0	0	0	0	2
1160.0	0	2	0	1
1161.0	0	0	0	1
1162.0	0	1	0	0
1163.0	0	3	0	1
1164.0	0	0	0	1
1165.0	0	0	0	4
1167.0	0	4	0	1
1168.0	0	1	0	1
1169.0	0	0	0	3
1171.0	0	3	0	0
1173.0	0	1	0	1
1174.0	0	0	0	1
1176.0	0	2	0	1
1178.0	0	0	0	1
1179.0	0	1	0	1
1180.0	0	1	0	1
1182.0	0	2	0	0
1183.0	0	0	0	1
1184.0	0	0	0	1
1185.0	0	2	0	1
1186.0	0	0	0	1
1187.0	0	0	0	2
1188.0	0	0	0	1
1189.0	0	0	0	2
1190.0	0	1	0	0
1191.0	0	2	0	2
1192.0	0	1	0	1
1193.0	0	4	0	2
1194.0	0	2	0	1
1195.0	0	1	0	0
1196.0	0	0	0	2
1197.0	0	2	0	0
1198.0	0	3	0	1
1200.0	0	1	0	2
1202.0	0	0	0	1
1203.0	0	1	0	0
1204.0	0	1	0	0
1205.0	0	0	0	1
1206.0	0	0	0	1
1207.0	0	1	0	1
1209.0	0	1	0	2
1210.0	0	1	0	0
1211.0	0	1	0	1
1212.0	0	0	0	1
1213.0	0	1	0	2
1214.0	0	0	0	1
1215.0	0	5	0	1
1216.0	0	0	0	3
1217.0	0	1	0	0
1218.0	0	1	0	2
1219.0	0	4	0	0
1220.0	0	0	0	1
1221.0	0	0	0	1
1222.0	0	1	0	0
1223.0	0	1	0	2
1224.0	0	0	0	1
1225.0	0	3	0	3
1228.0	0	2	0	1
1229.0	0	0	0	1
1230.0	0	4	0	2
1231.0	0	1	0	1
1235.0	0	0	0	1
1236.0	0	3	0	0
1237.0	0	2	0	3
1238.0	0	0	0	2
1239.0	0	0	0	1
1240.0	0	2	0	2
1241.0	0	2	0	0
1242.0	0	0	0	1
1243.0	0	1	0	1
1245.0	0	1	0	0
1247.0	0	0	0	1
1248.0	0	2	0	0
1250.0	0	0	0	2
1252.0	0	2	0	2
1253.0	0	0	0	1
1254.0	0	1	0	2
1255.0	0	1	0	0
1256.0	0	3	0	2
1258.0	0	2	0	1
1259.0	0	0	0	1
1260.0	0	2	0	0
1261.0	0	0	0	2
1262.0	0	2	0	1
1264.0	0	0	0	1
1265.0	0	2	0	1
1267.0	0	0	0	3
1268.0	0	1	0	3
1269.0	0	1	0	0
1270.0	0	3	0	1
1271.0	0	0	0	1
1272.0	0	1	0	1
1273.0	0	2	0	0
1274.0	0	1	0	0
1275.0	0	1	0	1
1276.0	0	1	0	2
1277.0	0	1	0	1
1278.0	0	1	0	2
1280.0	0	0	0	1
1281.0	0	3	0	0
1282.0	0	1	0	0
1283.0	0	1	0	0
1284.0	0	1	0	1
1286.0	0	0	0	1
1287.0	0	0	0	2
1288.0	0	1	0	1
1289.0	0	1	0	1
1290.0	0	0	0	1
1292.0	0	1	0	0
1293.0	0	1	0	0
1294.0	0	1	0	1
1295.0	0	1	0	1
1298.0	0	1	0	0
1301.0	0	1	0	0
1303.0	0	0	0	1
1304.0	0	1	0	2
1305.0	0	1	0	0
1306.0	0	0	0	1
1309.0	0	2	0	1
1310.0	0	1	0	1
1311.0	0	0	0	2
1312.0	0	1	0	0
1313.0	0	1	0	1
1314.0	0	1	0	1
1315.0	0	1	0	0
1317.0	0	1	0	2
1321.0	0	1	0	0
1322.0	0	0	0	2
1323.0	0	1	0	1
1324.0	0	0	0	3
1325.0	0	0	0	1
1326.0	0	3	0	0
1327.0	0	4	0	0
1328.0	0	0	0	1
1329.0	0	0	0	1
1330.0	0	1	0	1
1332.0	0	2	0	0
1333.0	0	0	0	1
1335.0	0	0	0	1
1339.0	0	1	0	1
1341.0	0	0	0	1
1342.0	0	1	0	1
1343.0	0	1	0	0
1345.0	0	1	0	1
1346.0	0	1	0	0
1347.0	0	0	0	2
1349.0	0	1	0	1
1350.0	0	1	0	2
1351.0	0	1	0	0
1352.0	0	0	0	2
1353.0	0	1	0	0
1354.0	0	2	0	2
1355.0	0	1	0	1
1356.0	0	0	0	1
1357.0	0	2	0	0
1358.0	0	2	0	2
1360.0	0	1	0	1
1361.0	0	1	0	0
1362.0	0	1	0	1
1363.0	0	1	0	1
1364.0	0	0	0	1
1365.0	0	1	0	0
1366.0	0	1	0	0
1368.0	0	1	0	0
1369.0	0	0	0	2
1373.0	0	1	0	0
1374.0	0	0	0	1
1375.0	0	1	0	1
1376.0	0	1	0	0
1378.0	0	1	0	1
1381.0	0	0	0	2
1382.0	0	0	0	1
1384.0	0	1	0	0
1385.0	0	1	0	0
1386.0	0	1	0	2
1387.0	0	1	0	1
1389.0	0	2	0	0
1390.0	0	0	0	2
1392.0	0	1	0	0
1393.0	0	2	0	1
1397.0	0	0	0	1
1398.0	0	0	0	2
1399.0	0	0	0	2
1401.0	0	1	0	0
1402.0	0	2	0	0
1403.0	0	3	0	0
1404.0	0	0	0	1
1406.0	0	0	0	1
1407.0	0	0	0	2
1408.0	0	1	0	0
1409.0	0	1	0	1
1411.0	0	1	0	0
1412.0	0	0	0	1
1413.0	0	2	0	0
1414.0	0	0	0	1
1416.0	0	1	0	0
1418.0	0	1	0	0
1420.0	0	0	0	1
1421.0	0	0	0	1
1423.0	0	1	0	0
1426.0	0	1	0	1
1428.0	0	0	0	1
1430.0	0	0	0	3
1433.0	0	1	0	0
1434.0	0	2	0	0
1435.0	0	2	0	0
1439.0	0	0	0	2
1441.0	0	0	0	1
1442.0	0	1	0	0
1444.0	0	1	0	1
1448.0	0	1	0	1
1449.0	0	0	0	1
1450.0	0	1	0	0
1451.0	0	0	0	1
1452.0	0	0	0	1
1453.0	0	0	0	1
1454.0	0	1	0	0
1455.0	0	2	0	1
1456.0	0	1	0	0
1457.0	0	1	0	0
1459.0	0	1	0	1
1462.0	0	0	0	1
1463.0	0	2	0	0
1464.0	0	0	0	1
1467.0	0	0	0	1
1469.0	0	1	0	0
1471.0	0	0	0	1
1472.0	0	1	0	0
1473.0	0	0	0	1
1474.0	0	1	0	0
1475.0	0	1	0	1
1476.0	0	0	0	2
1477.0	0	1	0	1
1478.0	0	1	0	0
1479.0	0	0	0	3
1480.0	0	2	0	1
1481.0	0	1	0	1
1482.0	0	2	0	1
1483.0	0	1	0	1
1485.0	0	0	0	2
1487.0	0	2	0	1
1489.0	0	1	0	0
1490.0	0	1	0	0
1491.0	0	0	0	1
1492.0	0	2	0	0
1493.0	0	0	0	1
1494.0	0	2	0	0
1498.0	0	0	0	2
1502.0	0	1	0	0
1503.0	0	1	0	0
1506.0	0	1	0	2
1509.0	0	1	0	0
1510.0	0	0	0	1
1516.0	0	1	0	2
1517.0	0	1	0	0
1518.0	0	1	0	1
1519.0	0	0	0	1
1520.0	0	1	0	0
1524.0	0	1	0	1
1525.0	0	0	0	1
1526.0	0	0	0	1
1527.0	0	0	0	1
1528.0	0	2	0	0
1529.0	0	2	0	0
1531.0	0	0	0	1
1533.0	0	1	0	1
1534.0	0	0	0	1
1535.0	0	0	0	1
1536.0	0	0	0	1
1537.0	0	1	0	0
1539.0	0	0	0	2
1540.0	0	2	0	0
1543.0	0	2	0	0
1545.0	0	1	0	1
1546.0	0	0	0	1
1547.0	0	0	0	1
1550.0	0	0	0	1
1551.0	0	3	0	0
1553.0	0	0	0	1
1554.0	0	1	0	1
1556.0	0	0	0	1
1557.0	0	0	0	2
1558.0	0	1	0	0
1559.0	0	0	0	2
1560.0	0	2	0	0
1561.0	0	1	0	1
1562.0	0	2	0	1
1563.0	0	0	0	1
1566.0	0	1	0	4
1567.0	0	3	0	0
1568.0	0	1	0	0
1569.0	0	0	0	1
1570.0	0	2	0	0
1573.0	0	1	0	0
1575.0	0	0	0	1
1576.0	0	1	0	2
1579.0	0	1	0	0
1580.0	0	1	0	1
1581.0	0	1	0	0
1582.0	0	0	0	1
1583.0	0	1	0	0
1585.0	0	1	0	0
1587.0	0	0	0	1
1589.0	0	0	0	1
1590.0	0	0	0	1
1591.0	0	1	0	2
1593.0	0	0	0	1
1594.0	0	2	0	0
1595.0	0	0	0	1
1597.0	0	1	0	1
1598.0	0	1	0	3
1599.0	0	1	0	2
1601.0	0	0	0	1
1602.0	0	1	0	0
1603.0	0	4	0	0
1605.0	0	3	0	0
1608.0	0	0	0	1
1609.0	0	1	0	0
1610.0	0	0	0	1
1611.0	0	0	0	1
1612.0	0	0	0	1
1613.0	0	1	0	1
1614.0	0	1	0	0
1618.0	0	2	0	0
1619.0	0	0	0	1
1622.0	0	0	0	1
1623.0	0	0	0	1
1624.0	0	1	0	0
1627.0	0	1	0	0
1630.0	0	1	0	2
1632.0	0	0	0	2
1635.0	0	2	0	0
1636.0	0	2	0	0
1637.0	0	0	0	1
1642.0	0	1	0	0
1643.0	0	0	0	1
1646.0	0	1	0	0
1648.0	0	0	0	1
1650.0	0	1	0	0
1661.0	0	0	0	1
1666.0	0	1	0	0
1667.0	0	0	0	1
1668.0	0	1	0	0
1673.0	0	0	0	1
1676.0	0	1	0	1
1678.0	0	0	0	1
1680.0	0	0	0	1
1681.0	0	0	0	1
1683.0	0	2	0	0
1687.0	0	1	0	0
1688.0	0	1	0	0
1689.0	0	0	0	2
1690.0	0	0	0	1
1691.0	0	1	0	2
1692.0	0	0	0	1
1693.0	0	0	0	1
1694.0	0	1	0	0
1696.0	0	1	0	0
1697.0	0	1	0	0
1698.0	0	1	0	2
1699.0	0	1	0	0
1700.0	0	0	0	1
1701.0	0	1	0	1
1702.0	0	3	0	1
1703.0	0	0	0	1
1704.0	0	2	0	0
1709.0	0	1	0	1
1710.0	0	0	0	2
1714.0	0	1	0	1
1715.0	0	0	0	1
1716.0	0	1	0	2
1717.0	0	1	0	0
1719.0	0	1	0	0
1720.0	0	1	0	1
1722.0	0	1	0	0
1723.0	0	1	0	0
1728.0	0	1	0	1
1731.0	0	0	0	1
1732.0	0	1	0	0
1735.0	0	1	0	0
1736.0	0	0	0	1
1738.0	0	0	0	2
1740.0	0	1	0	0
1742.0	0	1	0	0
1745.0	0	1	0	1
1746.0	0	0	0	1
1750.0	0	1	0	0
1751.0	0	1	0	1
1753.0	0	0	0	1
1756.0	0	1	0	0
1759.0	0	1	0	0
1760.0	0	0	0	1
1761.0	0	0	0	1
1763.0	0	1	0	0
1764.0	0	1	0	0
1766.0	0	0	0	1
1767.0	0	0	0	1
1768.0	0	1	0	0
1769.0	0	0	0	1
1771.0	0	0	0	1
1774.0	0	1	0	0
1775.0	0	2	0	0
1778.0	0	0	0	1
1779.0	0	0	0	1
1780.0	0	0	0	1
1781.0	0	1	0	0
1783.0	0	2	0	0
1786.0	0	1	0	1
1788.0	0	0	0	1
1790.0	0	0	0	1
1792.0	0	1	0	0
1794.0	0	0	0	1
1796.0	0	1	0	0
1797.0	0	1	0	0
1798.0	0	0	0	1
1799.0	0	0	0	2
1801.0	0	0	0	1
1802.0	0	0	0	1
1804.0	0	0	0	1
1805.0	0	1	0	1
1806.0	0	1	0	0
1807.0	0	1	0	0
1808.0	0	0	0	1
1809.0	0	2	0	0
1811.0	0	1	0	0
1814.0	0	1	0	0
1815.0	0	1	0	0
1816.0	0	0	0	2
1822.0	0	1	0	0
1823.0	0	1	0	0
1825.0	0	0	0	1
1828.0	0	1	0	0
1835.0	0	0	0	1
1836.0	0	0	0	1
1837.0	0	1	0	0
1839.0	0	1	0	1
1840.0	0	0	0	1
1842.0	0	0	0	1
1846.0	0	1	0	0
1847.0	0	1	0	0
1850.0	0	1	0	0
1851.0	0	0	0	1
1861.0	0	1	0	0
1864.0	0	0	0	1
1869.0	0	1	0	0
1872.0	0	0	0	1
1876.0	0	1	0	1
1877.0	0	0	0	1
1879.0	0	0	0	1
1881.0	0	1	0	0
1882.0	0	1	0	1
1883.0	0	1	0	0
1886.0	0	1	0	0
1896.0	0	0	0	1
1898.0	0	1	0	2
1900.0	0	0	0	1
1901.0	0	1	0	0
1904.0	0	1	0	0
1906.0	0	1	0	0
1915.0	0	0	0	1
1916.0	0	0	0	1
1919.0	0	0	0	1
1920.0	0	1	0	0
1922.0	0	1	0	0
1924.0	0	1	0	0
1928.0	0	0	0	1
1930.0	0	0	0	1
1932.0	0	1	0	0
1938.0	0	1	0	0
1940.0	0	0	0	1
1941.0	0	0	0	1
1944.0	0	0	0	1
1945.0	0	2	0	0
1948.0	0	0	0	1
1950.0	0	1	0	0
1951.0	0	0	0	2
1954.0	0	0	0	1
1955.0	0	0	0	2
1956.0	0	0	0	2
1958.0	0	0	0	2
1959.0	0	2	0	0
1960.0	0	1	0	0
1961.0	0	1	0	0
1962.0	0	1	0	1
1963.0	0	1	0	0
1964.0	0	1	0	0
1965.0	0	1	0	0
1966.0	0	1	0	0
1967.0	0	1	0	0
1968.0	0	1	0	1
1973.0	0	0	0	1
1977.0	0	1	0	0
1979.0	0	1	0	0
1982.0	0	0	0	3
1986.0	0	1	0	0
1989.0	0	1	0	0
1991.0	0	1	0	0
1996.0	0	0	0	1
1999.0	0	0	0	1
2001.0	0	1	0	0
2013.0	0	1	0	0
2015.0	0	0	0	2
2019.0	0	0	0	1
2022.0	0	2	0	0
2025.0	0	1	0	0
2037.0	0	0	0	1
2039.0	0	0	0	1
2043.0	0	0	0	1
2044.0	0	1	0	0
2045.0	0	1	0	0
2046.0	0	0	0	1
2047.0	0	1	0	0
2048.0	0	0	0	1
2049.0	0	0	0	1
2050.0	0	0	0	1
2052.0	0	0	0	1
2053.0	0	1	0	0
2054.0	0	3	0	1
2055.0	0	1	0	0
2057.0	0	1	0	0
2067.0	0	0	0	1
2073.0	0	0	0	1
2076.0	0	2	0	0
2080.0	0	0	0	1
2081.0	0	0	0	1
2085.0	0	1	0	1
2087.0	0	0	0	1
2088.0	0	1	0	0
2091.0	0	1	0	0
2092.0	0	1	0	0
2094.0	0	0	0	1
2100.0	0	0	0	1
2101.0	0	1	0	0
2103.0	0	0	0	1
2104.0	0	1	0	0
2105.0	0	1	0	0
2112.0	0	0	0	1
2113.0	0	0	0	1
2115.0	0	0	0	1
2117.0	0	2	0	0
2121.0	0	1	0	1
2125.0	0	0	0	2
2128.0	0	1	0	0
2130.0	0	1	0	0
2132.0	0	0	0	1
2133.0	0	0	0	1
2136.0	0	1	0	0
2140.0	0	1	0	0
2143.0	0	1	0	0
2144.0	0	1	0	1
2153.0	0	0	0	1
2156.0	0	1	0	1
2157.0	0	0	0	1
2163.0	0	0	0	1
2164.0	0	2	0	0
2166.0	0	0	0	2
2167.0	0	0	0	1
2169.0	0	1	0	0
2171.0	0	1	0	0
2176.0	0	1	0	0
2178.0	0	1	0	1
2179.0	0	0	0	1
2181.0	0	0	0	1
2182.0	0	0	0	1
2183.0	0	0	0	2
2184.0	0	1	0	0
2186.0	0	1	0	0
2187.0	0	1	0	0
2189.0	0	1	0	0
2192.0	0	2	0	1
2193.0	0	0	0	1
2197.0	0	0	0	2
2199.0	0	1	0	0
2200.0	0	1	0	0
2202.0	0	1	0	0
2205.0	0	1	0	0
2206.0	0	0	0	1
2210.0	0	0	0	1
2213.0	0	1	0	0
2216.0	0	1	0	0
2246.0	0	0	0	1
2247.0	0	0	0	1
2249.0	0	0	0	1
2253.0	0	1	0	0
2254.0	0	1	0	0
2256.0	0	1	0	1
2262.0	0	1	0	0
2263.0	0	0	0	2
2269.0	0	1	0	0
2271.0	0	0	0	1
2273.0	0	0	0	1
2275.0	0	1	0	0
2279.0	0	2	0	0
2284.0	0	0	0	2
2286.0	0	0	0	1
2287.0	0	2	0	0
2295.0	0	1	0	0
2300.0	0	0	0	1
2302.0	0	1	0	0
2306.0	0	0	0	1
2310.0	0	0	0	1
2314.0	0	1	0	0
2318.0	0	0	0	1
2320.0	0	1	0	0
2330.0	0	1	0	0
2335.0	0	0	0	1
2342.0	0	0	0	1
2343.0	0	0	0	1
2344.0	0	1	0	1
2348.0	0	1	0	0
2349.0	0	1	0	0
2351.0	0	1	0	0
2353.0	0	0	0	1
2357.0	0	0	0	1
2366.0	0	2	0	0
2377.0	0	0	0	1
2385.0	0	1	0	1
2395.0	0	0	0	1
2396.0	0	1	0	0
2397.0	0	0	0	1
2406.0	0	1	0	1
2408.0	0	1	0	0
2412.0	0	1	0	0
2415.0	0	0	0	1
2422.0	0	1	0	1
2423.0	0	0	0	1
2425.0	0	1	0	0
2426.0	0	0	0	1
2431.0	0	1	0	0
2435.0	0	1	0	0
2440.0	0	0	0	1
2444.0	0	0	0	1
2446.0	0	0	0	2
2449.0	0	1	0	1
2450.0	0	1	0	0
2451.0	0	2	0	0
2452.0	0	0	0	1
2456.0	0	1	0	1
2457.0	0	0	0	1
2460.0	0	1	0	0
2470.0	0	2	0	0
2487.0	0	0	0	1
2489.0	0	0	0	1
2490.0	0	1	0	0
2493.0	0	1	0	0
2495.0	0	0	0	2
2500.0	0	1	0	0
2502.0	0	1	0	0
2530.0	0	0	0	1
2531.0	0	0	0	1
2533.0	0	0	0	1
2538.0	0	1	0	0
2540.0	0	0	0	1
2541.0	0	2	0	0
2544.0	0	1	0	0
2548.0	0	0	0	1
2559.0	0	1	0	0
2597.0	0	0	0	2
2603.0	0	1	0	0
2606.0	0	1	0	1
2610.0	0	0	0	1
2612.0	0	1	0	0
2621.0	0	0	0	1
2626.0	0	1	0	0
2629.0	0	1	0	0
2644.0	0	0	0	1
2658.0	0	0	0	1
2660.0	0	1	0	0
2661.0	0	0	0	1
2667.0	0	1	0	0
2671.0	0	1	0	0
2678.0	0	0	0	1
2689.0	0	1	0	0
2701.0	0	0	0	1
2709.0	0	1	0	0
2712.0	0	0	0	1
2721.0	0	1	0	0
2731.0	0	0	0	1
2732.0	0	1	0	0
2740.0	0	0	0	1
2743.0	0	0	0	1
2751.0	0	1	0	0
2754.0	0	1	0	0
2757.0	0	0	0	1
2758.0	0	0	0	1
2763.0	0	1	0	0
2765.0	0	1	0	0
2777.0	0	0	0	1
2780.0	0	1	0	1
2781.0	0	1	0	0
2805.0	0	0	0	1
2808.0	0	0	0	1
2815.0	0	1	0	0
2818.0	0	1	0	0
2837.0	0	0	0	1
2846.0	0	1	0	0
2862.0	0	0	0	1
2872.0	0	1	0	0
2878.0	0	0	0	1
2884.0	0	1	0	0
2911.0	0	0	0	1
2917.0	0	1	0	0
2920.0	0	0	0	1
2922.0	0	0	0	1
2929.0	0	1	0	0
2930.0	0	1	0	0
2935.0	0	0	0	1
2938.0	0	0	0	1
2940.0	0	0	0	1
2942.0	0	1	0	0
2946.0	0	1	0	0
2950.0	0	1	0	0
2953.0	0	0	0	1
2968.0	0	1	0	0
2973.0	0	0	0	1
2975.0	0	0	0	1
2981.0	0	0	0	1
2984.0	0	1	0	0
2985.0	0	1	0	0
2988.0	0	0	0	1
2996.0	0	1	0	0
2997.0	0	1	0	0
3005.0	0	0	0	1
3018.0	0	1	0	0
3032.0	0	0	0	1
3046.0	0	1	0	0
3079.0	0	0	0	1
3085.0	0	1	0	1
3090.0	0	0	0	1
3095.0	0	1	0	0
3105.0	0	1	0	0
3111.0	0	0	0	1
3122.0	0	1	0	0
3134.0	0	0	0	1
3146.0	0	1	0	0
3152.0	0	0	0	1
3164.0	0	1	0	0
3200.0	0	0	0	1
3208.0	0	0	0	1
3211.0	0	1	0	0
3213.0	0	0	0	1
3217.0	0	1	0	0
3219.0	0	0	0	1
3224.0	0	1	0	0
3235.0	0	1	0	0
3254.0	0	0	0	1
3257.0	0	1	0	0
3269.0	0	0	0	1
3280.0	0	1	0	0
3309.0	0	0	0	1
3314.0	0	1	0	0
3352.0	0	0	0	1
3361.0	0	1	0	0
3365.0	0	0	0	1
3371.0	0	1	0	0
3376.0	0	0	0	1
3386.0	0	1	0	0
3394.0	0	0	0	1
3405.0	0	1	0	0
3416.0	0	0	0	1
3424.0	0	0	0	1
3429.0	0	1	0	0
3434.0	0	1	0	0
3448.0	0	0	0	1
3463.0	0	1	0	0
3495.0	0	0	0	1
3505.0	0	1	0	0
3510.0	0	0	0	1
3523.0	0	1	0	0
3597.0	0	0	0	1
3605.0	0	1	0	0
3663.0	0	0	0	1
3669.0	0	1	0	0
3670.0	0	0	0	1
3679.0	0	1	0	0
3736.0	0	0	0	1
3737.0	0	0	0	1
3749.0	0	0	0	1
3751.0	0	2	0	0
3767.0	0	1	0	1
3784.0	0	1	0	0
3851.0	0	0	0	1
3857.0	0	1	0	0
3861.0	0	0	0	1
3874.0	0	1	0	0
3922.0	0	0	0	1
3934.0	0	1	0	0
3951.0	0	0	0	1
3965.0	0	0	0	1
3967.0	0	1	0	0
3978.0	0	1	0	0
3982.0	0	0	0	1
3986.0	0	0	0	1
3997.0	0	1	0	0
4003.0	0	1	0	0
4164.0	0	0	0	1
4167.0	0	0	0	1
4173.0	0	1	0	0
4184.0	0	1	0	0
4245.0	0	0	0	1
4260.0	0	1	0	0
4281.0	0	0	0	1
4306.0	0	1	0	0
4480.0	0	0	0	1
4487.0	0	1	0	0
4592.0	0	0	0	1
4607.0	0	1	0	0
4616.0	0	0	0	1
4629.0	0	0	0	1
4634.0	0	1	0	0
4639.0	0	1	0	0
4690.0	0	0	0	1
4705.0	0	1	0	0
4793.0	0	0	0	1
4805.0	0	1	0	0
4817.0	0	0	0	1
4838.0	0	1	0	0
4928.0	0	0	0	1
4941.0	0	0	0	1
4943.0	0	1	0	0
4957.0	0	1	0	0
4970.0	0	0	0	1
4988.0	0	1	0	0
5014.0	0	0	0	1
5017.0	0	0	0	1
5033.0	0	1	0	0
5041.0	0	1	0	0
5135.0	0	0	0	1
5150.0	0	1	0	0
5182.0	0	0	0	1
5206.0	0	1	0	0
5214.0	0	0	0	1
5237.0	0	1	0	0
5363.0	0	0	0	1
5379.0	0	1	0	0
5458.0	0	0	0	1
5468.0	0	0	0	1
5482.0	0	1	0	0
5492.0	0	1	0	0
5520.0	0	0	0	1
5537.0	0	1	0	0
5547.0	0	0	0	1
5563.0	0	1	0	0
5638.0	0	0	0	1
5654.0	0	1	0	0
5724.0	0	0	0	1
5742.0	0	1	0	0
6012.0	0	0	0	1
6031.0	0	1	0	0
6134.0	0	0	0	1
6154.0	0	1	0	0
6248.0	0	0	0	1
6258.0	0	0	0	1
6284.0	0	1	0	0
6291.0	0	1	0	0
6458.0	0	0	0	1
6482.0	0	1	0	0
6543.0	0	0	0	1
6566.0	0	1	0	0
6662.0	0	0	0	1
6694.0	0	1	0	0
7438.0	0	0	0	1
7476.0	0	1	0	0
7562.0	0	0	0	1
7566.0	0	0	0	1
7585.0	0	1	0	0
7592.0	0	1	0	0
7938.0	0	0	0	1
7977.0	0	1	0	0
8161.0	0	0	0	1
8187.0	0	1	0	0

