## htsjdk.samtools.metrics.StringHeader
# MarkDuplicates INPUT=[/scratch/eknodel/TESLA/RNAseq/sorted_bam/TESLA_97_RNA_HISAT2_genome_aligned_sortedbycoord.bam] OUTPUT=/scratch/eknodel/TESLA/RNAseq/sorted_bam/TESLA_97_RNA_HISAT2_genome_aligned_sortedbycoord_mkdup.bam METRICS_FILE=TESLA_97.picard_mkdup_metrics.txt    MAX_SEQUENCES_FOR_DISK_READ_ENDS_MAP=50000 MAX_FILE_HANDLES_FOR_READ_ENDS_MAP=8000 SORTING_COLLECTION_SIZE_RATIO=0.25 TAG_DUPLICATE_SET_MEMBERS=false REMOVE_SEQUENCING_DUPLICATES=false TAGGING_POLICY=DontTag CLEAR_DT=true DUPLEX_UMI=false ADD_PG_TAG_TO_READS=true REMOVE_DUPLICATES=false ASSUME_SORTED=false DUPLICATE_SCORING_STRATEGY=SUM_OF_BASE_QUALITIES PROGRAM_RECORD_ID=MarkDuplicates PROGRAM_GROUP_NAME=MarkDuplicates READ_NAME_REGEX=<optimized capture of last three ':' separated fields as numeric values> OPTICAL_DUPLICATE_PIXEL_DISTANCE=100 MAX_OPTICAL_DUPLICATE_SET_SIZE=300000 VERBOSITY=INFO QUIET=false VALIDATION_STRINGENCY=STRICT COMPRESSION_LEVEL=5 MAX_RECORDS_IN_RAM=500000 CREATE_INDEX=false CREATE_MD5_FILE=false GA4GH_CLIENT_SECRETS=client_secrets.json USE_JDK_DEFLATER=false USE_JDK_INFLATER=false
## htsjdk.samtools.metrics.StringHeader
# Started on: Thu Mar 16 20:13:06 MST 2023

## METRICS CLASS	picard.sam.DuplicationMetrics
LIBRARY	UNPAIRED_READS_EXAMINED	READ_PAIRS_EXAMINED	SECONDARY_OR_SUPPLEMENTARY_RDS	UNMAPPED_READS	UNPAIRED_READ_DUPLICATES	READ_PAIR_DUPLICATES	READ_PAIR_OPTICAL_DUPLICATES	PERCENT_DUPLICATION	ESTIMATED_LIBRARY_SIZE
Unknown Library	1201318	43277185	55280285	0	963583	19419654	295706	0.453565	32546454

## HISTOGRAM	java.lang.Double
BIN	VALUE	all_sets	optical_sets	non_optical_sets
1.0	1.003294	16113336	0	16203941
2.0	1.268721	4681102	251482	4667722
3.0	1.338941	1655199	13984	1623593
4.0	1.357518	627180	1884	605298
5.0	1.362433	269576	629	257890
6.0	1.363733	135799	283	129939
7.0	1.364077	80351	170	77602
8.0	1.364168	52562	135	51351
9.0	1.364192	37297	74	36673
10.0	1.364198	28371	60	27998
11.0	1.3642	21663	46	21422
12.0	1.3642	17220	36	17074
13.0	1.3642	14384	29	14293
14.0	1.3642	12034	15	11869
15.0	1.3642	9892	11	9835
16.0	1.3642	8573	12	8520
17.0	1.3642	7336	10	7286
18.0	1.3642	6382	6	6358
19.0	1.3642	5593	4	5567
20.0	1.3642	4919	7	4877
21.0	1.3642	4398	4	4365
22.0	1.3642	3874	3	3870
23.0	1.3642	3502	1	3477
24.0	1.3642	3079	4	3064
25.0	1.3642	2862	2	2856
26.0	1.3642	2538	4	2502
27.0	1.3642	2278	4	2278
28.0	1.3642	2096	1	2088
29.0	1.3642	1973	2	1965
30.0	1.3642	1779	1	1768
31.0	1.3642	1653	2	1627
32.0	1.3642	1549	1	1556
33.0	1.3642	1354	2	1338
34.0	1.3642	1369	2	1387
35.0	1.3642	1249	1	1228
36.0	1.3642	1098	0	1090
37.0	1.3642	1121	1	1125
38.0	1.3642	1030	1	1027
39.0	1.3642	955	1	941
40.0	1.3642	877	1	879
41.0	1.3642	851	0	838
42.0	1.3642	753	0	744
43.0	1.3642	729	0	759
44.0	1.3642	741	0	709
45.0	1.3642	666	0	673
46.0	1.3642	649	0	640
47.0	1.3642	627	0	639
48.0	1.3642	585	1	559
49.0	1.3642	573	0	580
50.0	1.3642	523	1	528
51.0	1.3642	570	0	565
52.0	1.3642	493	0	477
53.0	1.3642	472	0	476
54.0	1.3642	428	1	443
55.0	1.3642	443	0	417
56.0	1.3642	411	0	419
57.0	1.3642	375	0	375
58.0	1.3642	369	0	369
59.0	1.3642	363	0	370
60.0	1.3642	372	0	383
61.0	1.3642	357	0	334
62.0	1.3642	336	1	337
63.0	1.3642	277	0	280
64.0	1.3642	292	0	290
65.0	1.3642	284	0	271
66.0	1.3642	269	0	267
67.0	1.3642	268	0	270
68.0	1.3642	243	1	236
69.0	1.3642	247	0	246
70.0	1.3642	243	0	241
71.0	1.3642	223	0	222
72.0	1.3642	238	0	246
73.0	1.3642	219	0	246
74.0	1.3642	215	1	201
75.0	1.3642	212	0	192
76.0	1.3642	185	0	185
77.0	1.3642	206	0	205
78.0	1.3642	185	0	181
79.0	1.3642	180	0	182
80.0	1.3642	188	0	190
81.0	1.3642	166	0	176
82.0	1.3642	173	0	164
83.0	1.3642	167	0	167
84.0	1.3642	148	0	151
85.0	1.3642	152	0	152
86.0	1.3642	147	0	144
87.0	1.3642	166	0	163
88.0	1.3642	127	0	124
89.0	1.3642	131	0	138
90.0	1.3642	119	0	116
91.0	1.3642	137	0	136
92.0	1.3642	131	0	134
93.0	1.3642	132	0	128
94.0	1.3642	122	0	129
95.0	1.3642	111	0	123
96.0	1.3642	130	0	128
97.0	1.3642	140	0	126
98.0	1.3642	112	0	113
99.0	1.3642	126	0	110
100.0	1.3642	92	0	100
101.0	0	117	0	106
102.0	0	96	0	107
103.0	0	91	0	95
104.0	0	114	0	101
105.0	0	85	0	94
106.0	0	90	0	83
107.0	0	95	0	118
108.0	0	107	0	87
109.0	0	82	0	80
110.0	0	87	0	83
111.0	0	69	0	95
112.0	0	88	0	84
113.0	0	100	0	89
114.0	0	95	0	93
115.0	0	74	0	79
116.0	0	77	0	78
117.0	0	81	0	81
118.0	0	93	0	89
119.0	0	67	0	63
120.0	0	82	0	76
121.0	0	71	0	69
122.0	0	72	0	69
123.0	0	76	0	82
124.0	0	57	0	43
125.0	0	62	0	77
126.0	0	73	0	70
127.0	0	63	0	55
128.0	0	67	0	72
129.0	0	62	0	64
130.0	0	65	0	65
131.0	0	58	0	56
132.0	0	63	0	65
133.0	0	60	0	58
134.0	0	67	0	69
135.0	0	58	0	58
136.0	0	61	0	57
137.0	0	58	0	58
138.0	0	49	0	47
139.0	0	58	0	62
140.0	0	52	0	49
141.0	0	47	0	53
142.0	0	50	0	44
143.0	0	48	0	50
144.0	0	50	0	57
145.0	0	61	0	53
146.0	0	55	0	52
147.0	0	29	0	39
148.0	0	65	0	60
149.0	0	45	0	45
150.0	0	50	0	46
151.0	0	49	0	38
152.0	0	33	0	34
153.0	0	45	0	59
154.0	0	38	0	46
155.0	0	49	0	48
156.0	0	50	0	36
157.0	0	35	0	37
158.0	0	39	0	41
159.0	0	41	0	40
160.0	0	46	0	45
161.0	0	32	0	34
162.0	0	33	0	39
163.0	0	45	0	39
164.0	0	33	0	38
165.0	0	43	0	45
166.0	0	48	0	45
167.0	0	45	0	46
168.0	0	49	0	47
169.0	0	45	0	43
170.0	0	45	0	37
171.0	0	26	0	23
172.0	0	36	0	38
173.0	0	37	0	37
174.0	0	37	0	40
175.0	0	31	0	39
176.0	0	36	0	36
177.0	0	27	0	26
178.0	0	49	0	39
179.0	0	17	0	25
180.0	0	29	0	30
181.0	0	44	0	37
182.0	0	35	0	32
183.0	0	20	0	35
184.0	0	29	0	35
185.0	0	38	0	32
186.0	0	34	0	32
187.0	0	27	0	25
188.0	0	44	0	36
189.0	0	34	0	32
190.0	0	27	0	31
191.0	0	27	0	31
192.0	0	28	0	31
193.0	0	33	0	24
194.0	0	28	0	23
195.0	0	25	0	21
196.0	0	26	0	28
197.0	0	26	0	31
198.0	0	34	0	29
199.0	0	34	0	37
200.0	0	23	0	28
201.0	0	28	0	31
202.0	0	33	0	22
203.0	0	25	0	24
204.0	0	18	0	28
205.0	0	28	0	25
206.0	0	23	0	31
207.0	0	28	0	34
208.0	0	32	0	29
209.0	0	37	0	27
210.0	0	28	0	24
211.0	0	21	0	22
212.0	0	18	0	22
213.0	0	27	0	19
214.0	0	19	0	17
215.0	0	22	0	21
216.0	0	24	0	25
217.0	0	19	0	25
218.0	0	29	0	28
219.0	0	22	0	24
220.0	0	23	0	15
221.0	0	17	0	14
222.0	0	14	0	25
223.0	0	28	0	25
224.0	0	22	0	24
225.0	0	20	0	24
226.0	0	18	0	12
227.0	0	14	0	22
228.0	0	26	0	22
229.0	0	30	0	28
230.0	0	23	0	23
231.0	0	26	0	20
232.0	0	22	0	19
233.0	0	16	0	20
234.0	0	16	0	12
235.0	0	17	0	15
236.0	0	11	0	15
237.0	0	19	0	14
238.0	0	11	0	19
239.0	0	19	0	17
240.0	0	19	0	25
241.0	0	21	0	11
242.0	0	12	0	18
243.0	0	16	0	15
244.0	0	21	0	18
245.0	0	22	0	19
246.0	0	12	0	18
247.0	0	19	0	17
248.0	0	12	0	15
249.0	0	12	0	10
250.0	0	18	0	17
251.0	0	14	0	16
252.0	0	14	0	13
253.0	0	24	0	13
254.0	0	11	0	21
255.0	0	14	0	10
256.0	0	16	0	16
257.0	0	18	0	12
258.0	0	10	0	16
259.0	0	16	0	17
260.0	0	7	0	13
261.0	0	15	0	12
262.0	0	7	0	6
263.0	0	18	0	15
264.0	0	10	0	18
265.0	0	18	0	18
266.0	0	15	0	10
267.0	0	17	0	10
268.0	0	10	0	13
269.0	0	12	0	12
270.0	0	11	0	18
271.0	0	18	0	14
272.0	0	15	0	19
273.0	0	9	0	11
274.0	0	17	0	15
275.0	0	14	0	11
276.0	0	12	0	13
277.0	0	16	0	18
278.0	0	10	0	11
279.0	0	15	0	15
280.0	0	12	0	7
281.0	0	13	0	9
282.0	0	10	0	11
283.0	0	5	0	10
284.0	0	16	0	10
285.0	0	11	0	14
286.0	0	12	0	11
287.0	0	10	0	12
288.0	0	10	0	9
289.0	0	11	0	14
290.0	0	11	0	11
291.0	0	9	0	13
292.0	0	7	0	13
293.0	0	13	0	11
294.0	0	18	0	19
295.0	0	23	0	9
296.0	0	9	0	12
297.0	0	14	0	14
298.0	0	9	0	12
299.0	0	15	0	9
300.0	0	12	0	11
301.0	0	12	0	16
302.0	0	9	0	6
303.0	0	15	0	9
304.0	0	6	0	13
305.0	0	10	0	9
306.0	0	11	0	13
307.0	0	5	0	14
308.0	0	16	0	14
309.0	0	8	0	8
310.0	0	13	0	13
311.0	0	15	0	16
312.0	0	9	0	14
313.0	0	21	0	10
314.0	0	15	0	8
315.0	0	9	0	12
316.0	0	8	0	8
317.0	0	7	0	13
318.0	0	16	0	13
319.0	0	12	0	7
320.0	0	8	0	7
321.0	0	10	0	10
322.0	0	8	0	16
323.0	0	14	0	8
324.0	0	6	0	6
325.0	0	11	0	15
326.0	0	8	0	12
327.0	0	15	0	11
328.0	0	9	0	11
329.0	0	8	0	9
330.0	0	9	0	3
331.0	0	7	0	6
332.0	0	15	0	11
333.0	0	6	0	7
334.0	0	8	0	9
335.0	0	8	0	4
336.0	0	6	0	10
337.0	0	6	0	10
338.0	0	6	0	5
339.0	0	8	0	12
340.0	0	11	0	13
341.0	0	9	0	8
342.0	0	10	0	10
343.0	0	8	0	7
344.0	0	12	0	10
345.0	0	4	0	8
346.0	0	10	0	10
347.0	0	12	0	8
348.0	0	12	0	8
349.0	0	4	0	10
350.0	0	12	0	6
351.0	0	7	0	6
352.0	0	6	0	6
353.0	0	3	0	8
354.0	0	7	0	12
355.0	0	14	0	10
356.0	0	6	0	9
357.0	0	9	0	5
358.0	0	7	0	6
359.0	0	10	0	9
360.0	0	8	0	5
361.0	0	3	0	7
362.0	0	9	0	9
363.0	0	7	0	4
364.0	0	8	0	7
365.0	0	4	0	8
366.0	0	7	0	10
367.0	0	9	0	7
368.0	0	9	0	7
369.0	0	12	0	10
370.0	0	6	0	2
371.0	0	3	0	6
372.0	0	5	0	4
373.0	0	7	0	5
374.0	0	6	0	4
375.0	0	6	0	9
376.0	0	5	0	6
377.0	0	6	0	8
378.0	0	4	0	4
379.0	0	6	0	8
380.0	0	6	0	6
381.0	0	10	0	12
382.0	0	5	0	5
383.0	0	10	0	8
384.0	0	10	0	7
385.0	0	6	0	9
386.0	0	10	0	12
387.0	0	8	0	8
388.0	0	6	0	5
389.0	0	6	0	8
390.0	0	8	0	5
391.0	0	11	0	11
392.0	0	5	0	3
393.0	0	6	0	11
394.0	0	8	0	4
395.0	0	9	0	10
396.0	0	7	0	6
397.0	0	3	0	6
398.0	0	4	0	6
399.0	0	7	0	5
400.0	0	5	0	5
401.0	0	5	0	7
402.0	0	5	0	5
403.0	0	8	0	9
404.0	0	6	0	0
405.0	0	2	0	8
406.0	0	11	0	6
407.0	0	10	0	7
408.0	0	6	0	5
409.0	0	2	0	6
410.0	0	4	0	3
411.0	0	8	0	4
412.0	0	5	0	7
413.0	0	5	0	6
414.0	0	5	0	4
415.0	0	3	0	3
416.0	0	5	0	5
417.0	0	3	0	8
418.0	0	7	0	8
419.0	0	7	0	4
420.0	0	5	0	10
421.0	0	7	0	11
422.0	0	12	0	6
423.0	0	7	0	7
424.0	0	9	0	4
425.0	0	3	0	5
426.0	0	5	0	6
427.0	0	8	0	5
428.0	0	5	0	4
429.0	0	8	0	10
430.0	0	6	0	4
431.0	0	6	0	5
432.0	0	4	0	2
433.0	0	8	0	2
434.0	0	5	0	5
435.0	0	3	0	4
436.0	0	3	0	9
437.0	0	5	0	4
438.0	0	5	0	4
439.0	0	3	0	4
440.0	0	3	0	7
441.0	0	8	0	7
442.0	0	3	0	2
443.0	0	4	0	2
444.0	0	3	0	5
445.0	0	2	0	0
446.0	0	4	0	7
447.0	0	6	0	2
448.0	0	3	0	5
449.0	0	5	0	4
450.0	0	5	0	6
451.0	0	4	0	2
452.0	0	5	0	5
453.0	0	5	0	8
454.0	0	9	0	5
455.0	0	3	0	5
456.0	0	3	0	5
457.0	0	5	0	5
458.0	0	5	0	4
459.0	0	3	0	6
460.0	0	5	0	5
461.0	0	4	0	5
462.0	0	7	0	5
463.0	0	5	0	7
464.0	0	6	0	2
465.0	0	7	0	6
466.0	0	7	0	3
467.0	0	4	0	4
468.0	0	2	0	9
469.0	0	0	0	2
470.0	0	7	0	4
471.0	0	3	0	3
472.0	0	6	0	5
473.0	0	3	0	3
474.0	0	4	0	6
475.0	0	2	0	1
476.0	0	6	0	1
477.0	0	1	0	8
478.0	0	5	0	7
479.0	0	6	0	5
480.0	0	5	0	6
481.0	0	5	0	4
482.0	0	5	0	5
483.0	0	4	0	10
484.0	0	8	0	4
485.0	0	5	0	4
486.0	0	4	0	4
487.0	0	6	0	2
488.0	0	3	0	3
489.0	0	3	0	3
490.0	0	4	0	4
491.0	0	6	0	6
492.0	0	5	0	4
493.0	0	4	0	4
494.0	0	4	0	4
495.0	0	4	0	2
496.0	0	3	0	4
497.0	0	3	0	4
498.0	0	3	0	4
499.0	0	3	0	4
500.0	0	2	0	1
501.0	0	4	0	3
502.0	0	6	0	2
503.0	0	3	0	7
504.0	0	4	0	4
505.0	0	4	0	2
506.0	0	2	0	1
507.0	0	2	0	1
508.0	0	3	0	2
509.0	0	2	0	2
510.0	0	2	0	1
511.0	0	1	0	4
512.0	0	2	0	3
513.0	0	3	0	2
514.0	0	3	0	4
515.0	0	2	0	7
516.0	0	3	0	2
517.0	0	2	0	3
518.0	0	5	0	0
519.0	0	7	0	4
520.0	0	2	0	3
521.0	0	1	0	5
522.0	0	5	0	3
523.0	0	3	0	5
524.0	0	3	0	6
525.0	0	4	0	3
526.0	0	3	0	3
527.0	0	3	0	2
528.0	0	2	0	0
529.0	0	2	0	2
530.0	0	2	0	3
531.0	0	4	0	3
532.0	0	2	0	4
533.0	0	2	0	2
534.0	0	3	0	3
535.0	0	5	0	1
536.0	0	3	0	3
537.0	0	2	0	2
538.0	0	4	0	4
539.0	0	3	0	3
540.0	0	1	0	3
541.0	0	4	0	5
542.0	0	3	0	3
543.0	0	2	0	2
544.0	0	1	0	4
545.0	0	7	0	8
546.0	0	3	0	2
547.0	0	5	0	5
548.0	0	6	0	7
549.0	0	5	0	2
550.0	0	1	0	3
551.0	0	5	0	5
552.0	0	1	0	2
553.0	0	6	0	2
554.0	0	2	0	5
555.0	0	3	0	4
556.0	0	5	0	2
557.0	0	3	0	2
558.0	0	1	0	4
559.0	0	9	0	3
560.0	0	4	0	5
561.0	0	3	0	3
562.0	0	3	0	3
563.0	0	2	0	3
564.0	0	2	0	5
565.0	0	3	0	5
566.0	0	5	0	4
567.0	0	6	0	2
568.0	0	2	0	3
569.0	0	6	0	1
570.0	0	3	0	1
571.0	0	3	0	5
572.0	0	0	0	1
573.0	0	2	0	4
574.0	0	3	0	1
575.0	0	1	0	3
576.0	0	5	0	2
577.0	0	2	0	4
578.0	0	2	0	3
579.0	0	5	0	5
580.0	0	1	0	4
581.0	0	4	0	0
582.0	0	3	0	3
583.0	0	4	0	3
584.0	0	3	0	2
585.0	0	2	0	4
586.0	0	4	0	2
587.0	0	4	0	1
588.0	0	2	0	3
589.0	0	2	0	1
590.0	0	0	0	1
591.0	0	1	0	3
592.0	0	3	0	5
593.0	0	1	0	7
594.0	0	3	0	1
595.0	0	6	0	5
596.0	0	3	0	2
598.0	0	5	0	6
599.0	0	2	0	2
600.0	0	3	0	2
601.0	0	0	0	3
602.0	0	4	0	2
603.0	0	5	0	2
604.0	0	2	0	1
605.0	0	3	0	0
606.0	0	2	0	3
607.0	0	2	0	1
609.0	0	2	0	1
610.0	0	1	0	3
611.0	0	4	0	2
612.0	0	1	0	0
613.0	0	2	0	2
614.0	0	0	0	3
615.0	0	0	0	3
616.0	0	2	0	1
617.0	0	1	0	1
618.0	0	1	0	0
619.0	0	2	0	3
620.0	0	2	0	3
621.0	0	3	0	4
622.0	0	4	0	8
623.0	0	4	0	1
624.0	0	3	0	3
625.0	0	2	0	2
626.0	0	3	0	2
627.0	0	2	0	3
628.0	0	2	0	2
629.0	0	1	0	0
630.0	0	4	0	0
631.0	0	3	0	0
632.0	0	1	0	1
633.0	0	2	0	1
634.0	0	1	0	5
636.0	0	0	0	6
637.0	0	3	0	3
638.0	0	2	0	1
639.0	0	0	0	3
640.0	0	6	0	4
641.0	0	6	0	1
642.0	0	1	0	5
643.0	0	2	0	3
644.0	0	1	0	5
645.0	0	0	0	4
646.0	0	7	0	0
647.0	0	3	0	2
648.0	0	2	0	0
649.0	0	2	0	3
650.0	0	3	0	4
651.0	0	4	0	2
652.0	0	5	0	3
653.0	0	1	0	2
654.0	0	1	0	2
655.0	0	4	0	1
656.0	0	2	0	0
657.0	0	1	0	3
658.0	0	2	0	1
659.0	0	1	0	1
660.0	0	2	0	4
661.0	0	0	0	2
662.0	0	4	0	4
663.0	0	2	0	2
664.0	0	2	0	0
665.0	0	0	0	2
666.0	0	3	0	2
667.0	0	1	0	1
668.0	0	3	0	1
669.0	0	0	0	4
670.0	0	5	0	1
671.0	0	2	0	4
672.0	0	3	0	3
673.0	0	1	0	5
674.0	0	2	0	2
675.0	0	3	0	2
676.0	0	1	0	3
677.0	0	4	0	1
678.0	0	3	0	3
679.0	0	3	0	2
680.0	0	1	0	1
681.0	0	2	0	1
682.0	0	4	0	1
683.0	0	1	0	0
684.0	0	0	0	1
685.0	0	1	0	4
686.0	0	3	0	3
687.0	0	1	0	0
688.0	0	0	0	4
689.0	0	4	0	3
690.0	0	3	0	1
691.0	0	1	0	0
692.0	0	3	0	6
693.0	0	3	0	5
694.0	0	2	0	1
695.0	0	3	0	2
696.0	0	2	0	3
697.0	0	2	0	1
698.0	0	2	0	5
699.0	0	3	0	1
700.0	0	2	0	0
701.0	0	3	0	4
703.0	0	5	0	2
704.0	0	2	0	1
705.0	0	2	0	2
706.0	0	2	0	1
707.0	0	0	0	2
708.0	0	3	0	1
709.0	0	1	0	0
710.0	0	1	0	1
711.0	0	1	0	2
712.0	0	2	0	1
713.0	0	1	0	1
714.0	0	2	0	2
715.0	0	1	0	1
716.0	0	1	0	1
717.0	0	2	0	1
718.0	0	0	0	2
719.0	0	3	0	0
720.0	0	2	0	3
722.0	0	3	0	4
723.0	0	1	0	1
725.0	0	1	0	1
726.0	0	1	0	1
727.0	0	1	0	0
728.0	0	3	0	1
729.0	0	0	0	1
730.0	0	0	0	1
731.0	0	1	0	2
732.0	0	0	0	2
733.0	0	3	0	5
734.0	0	2	0	2
735.0	0	0	0	4
736.0	0	5	0	0
737.0	0	1	0	1
738.0	0	1	0	0
739.0	0	5	0	0
740.0	0	1	0	3
742.0	0	0	0	1
743.0	0	2	0	0
744.0	0	0	0	2
745.0	0	1	0	1
746.0	0	1	0	4
747.0	0	0	0	4
748.0	0	2	0	5
749.0	0	3	0	2
750.0	0	6	0	1
751.0	0	1	0	1
752.0	0	0	0	1
753.0	0	5	0	1
754.0	0	1	0	0
755.0	0	2	0	0
757.0	0	0	0	2
758.0	0	2	0	0
759.0	0	0	0	1
760.0	0	0	0	1
761.0	0	2	0	1
763.0	0	1	0	1
764.0	0	1	0	1
765.0	0	0	0	1
766.0	0	0	0	1
767.0	0	1	0	3
768.0	0	2	0	2
769.0	0	2	0	0
770.0	0	1	0	2
771.0	0	2	0	3
772.0	0	1	0	0
773.0	0	4	0	0
774.0	0	0	0	2
775.0	0	0	0	3
776.0	0	3	0	2
777.0	0	3	0	2
778.0	0	1	0	1
779.0	0	1	0	3
780.0	0	1	0	2
781.0	0	2	0	1
782.0	0	3	0	1
783.0	0	2	0	2
784.0	0	1	0	2
785.0	0	1	0	0
786.0	0	2	0	1
787.0	0	2	0	2
788.0	0	0	0	4
789.0	0	2	0	1
790.0	0	1	0	3
791.0	0	3	0	1
792.0	0	2	0	1
793.0	0	1	0	1
795.0	0	3	0	0
796.0	0	0	0	2
797.0	0	2	0	1
798.0	0	1	0	2
800.0	0	1	0	0
801.0	0	2	0	1
802.0	0	1	0	0
803.0	0	0	0	1
804.0	0	0	0	1
805.0	0	0	0	1
806.0	0	0	0	1
807.0	0	1	0	2
808.0	0	2	0	0
809.0	0	2	0	1
810.0	0	1	0	2
811.0	0	1	0	0
813.0	0	1	0	0
814.0	0	1	0	2
815.0	0	1	0	3
816.0	0	2	0	1
817.0	0	1	0	0
818.0	0	1	0	1
819.0	0	1	0	0
820.0	0	0	0	2
821.0	0	1	0	0
822.0	0	0	0	1
823.0	0	2	0	2
824.0	0	1	0	2
825.0	0	2	0	1
826.0	0	1	0	0
827.0	0	1	0	1
828.0	0	1	0	1
829.0	0	2	0	1
831.0	0	1	0	0
832.0	0	2	0	4
835.0	0	0	0	2
836.0	0	2	0	1
837.0	0	2	0	2
838.0	0	0	0	1
839.0	0	1	0	4
840.0	0	1	0	1
841.0	0	1	0	0
842.0	0	1	0	0
843.0	0	3	0	2
844.0	0	1	0	1
845.0	0	2	0	1
846.0	0	2	0	0
847.0	0	2	0	1
848.0	0	0	0	2
849.0	0	1	0	1
850.0	0	2	0	2
851.0	0	0	0	1
852.0	0	1	0	2
853.0	0	0	0	1
854.0	0	1	0	0
855.0	0	1	0	1
856.0	0	1	0	0
857.0	0	1	0	2
858.0	0	2	0	1
859.0	0	1	0	1
860.0	0	1	0	1
861.0	0	1	0	3
862.0	0	1	0	2
863.0	0	2	0	2
864.0	0	1	0	1
865.0	0	2	0	2
867.0	0	2	0	1
868.0	0	2	0	1
869.0	0	2	0	0
870.0	0	1	0	3
871.0	0	4	0	2
873.0	0	0	0	1
874.0	0	1	0	1
875.0	0	1	0	1
877.0	0	2	0	1
878.0	0	1	0	0
879.0	0	0	0	1
880.0	0	1	0	1
881.0	0	2	0	0
882.0	0	1	0	0
883.0	0	0	0	1
884.0	0	0	0	1
885.0	0	1	0	0
886.0	0	0	0	2
887.0	0	1	0	1
888.0	0	0	0	2
889.0	0	2	0	1
890.0	0	1	0	2
891.0	0	1	0	1
894.0	0	2	0	0
895.0	0	2	0	0
896.0	0	2	0	1
897.0	0	0	0	1
899.0	0	0	0	2
900.0	0	1	0	1
901.0	0	1	0	4
903.0	0	2	0	3
904.0	0	1	0	3
905.0	0	2	0	2
906.0	0	0	0	1
907.0	0	3	0	0
908.0	0	2	0	1
909.0	0	1	0	0
910.0	0	2	0	0
911.0	0	2	0	2
913.0	0	1	0	1
914.0	0	1	0	1
915.0	0	2	0	1
916.0	0	1	0	3
917.0	0	1	0	0
918.0	0	0	0	1
919.0	0	1	0	1
920.0	0	1	0	2
921.0	0	2	0	0
923.0	0	1	0	0
925.0	0	1	0	0
926.0	0	1	0	0
927.0	0	0	0	1
928.0	0	1	0	0
930.0	0	1	0	2
931.0	0	1	0	0
934.0	0	1	0	2
935.0	0	1	0	0
936.0	0	1	0	0
938.0	0	0	0	2
939.0	0	1	0	1
941.0	0	1	0	1
942.0	0	0	0	1
944.0	0	0	0	2
947.0	0	1	0	2
948.0	0	1	0	0
949.0	0	1	0	2
950.0	0	2	0	1
951.0	0	2	0	1
952.0	0	0	0	1
953.0	0	2	0	3
954.0	0	0	0	1
955.0	0	2	0	1
957.0	0	1	0	1
958.0	0	0	0	1
959.0	0	2	0	0
960.0	0	1	0	1
961.0	0	1	0	0
964.0	0	3	0	0
965.0	0	2	0	1
967.0	0	0	0	1
968.0	0	0	0	1
969.0	0	0	0	5
972.0	0	1	0	2
973.0	0	1	0	0
974.0	0	1	0	0
975.0	0	1	0	0
976.0	0	2	0	1
977.0	0	1	0	0
979.0	0	1	0	0
980.0	0	2	0	1
982.0	0	1	0	0
985.0	0	0	0	2
986.0	0	0	0	2
987.0	0	1	0	3
988.0	0	1	0	0
989.0	0	0	0	1
990.0	0	1	0	0
991.0	0	0	0	2
992.0	0	2	0	1
993.0	0	2	0	2
994.0	0	1	0	0
995.0	0	1	0	1
996.0	0	2	0	0
998.0	0	2	0	0
999.0	0	2	0	0
1001.0	0	0	0	1
1002.0	0	0	0	2
1007.0	0	0	0	1
1008.0	0	1	0	1
1009.0	0	1	0	0
1011.0	0	0	0	1
1012.0	0	0	0	1
1015.0	0	1	0	0
1016.0	0	1	0	1
1017.0	0	2	0	0
1018.0	0	1	0	0
1019.0	0	0	0	1
1020.0	0	2	0	0
1023.0	0	0	0	3
1026.0	0	0	0	2
1027.0	0	1	0	1
1028.0	0	2	0	0
1029.0	0	1	0	1
1030.0	0	0	0	1
1031.0	0	1	0	3
1033.0	0	1	0	1
1034.0	0	2	0	0
1035.0	0	0	0	1
1036.0	0	0	0	1
1038.0	0	1	0	1
1039.0	0	1	0	2
1040.0	0	3	0	1
1041.0	0	0	0	1
1043.0	0	1	0	1
1044.0	0	1	0	0
1045.0	0	1	0	0
1046.0	0	1	0	0
1047.0	0	1	0	0
1048.0	0	0	0	1
1049.0	0	1	0	2
1050.0	0	1	0	1
1051.0	0	1	0	0
1055.0	0	0	0	2
1056.0	0	1	0	0
1057.0	0	1	0	0
1058.0	0	2	0	0
1061.0	0	0	0	1
1062.0	0	0	0	1
1063.0	0	0	0	1
1065.0	0	0	0	1
1067.0	0	1	0	1
1070.0	0	0	0	2
1071.0	0	1	0	0
1072.0	0	1	0	1
1073.0	0	1	0	0
1074.0	0	3	0	0
1076.0	0	0	0	1
1077.0	0	2	0	2
1081.0	0	1	0	0
1082.0	0	1	0	0
1083.0	0	0	0	2
1086.0	0	0	0	1
1090.0	0	1	0	0
1091.0	0	0	0	1
1092.0	0	2	0	2
1093.0	0	1	0	0
1094.0	0	0	0	1
1100.0	0	1	0	0
1101.0	0	0	0	1
1102.0	0	1	0	0
1103.0	0	0	0	1
1104.0	0	1	0	0
1107.0	0	1	0	0
1108.0	0	0	0	1
1111.0	0	1	0	0
1112.0	0	1	0	0
1113.0	0	0	0	3
1116.0	0	1	0	1
1117.0	0	1	0	1
1119.0	0	0	0	1
1120.0	0	1	0	2
1121.0	0	0	0	2
1124.0	0	2	0	1
1125.0	0	2	0	1
1126.0	0	2	0	0
1127.0	0	2	0	1
1129.0	0	2	0	0
1130.0	0	0	0	1
1134.0	0	1	0	0
1139.0	0	1	0	1
1141.0	0	0	0	2
1142.0	0	0	0	1
1143.0	0	0	0	1
1145.0	0	1	0	0
1148.0	0	1	0	0
1149.0	0	1	0	0
1150.0	0	0	0	1
1151.0	0	0	0	2
1152.0	0	3	0	1
1154.0	0	0	0	2
1156.0	0	1	0	0
1158.0	0	2	0	1
1160.0	0	0	0	1
1161.0	0	1	0	0
1162.0	0	1	0	0
1163.0	0	1	0	2
1165.0	0	0	0	2
1166.0	0	0	0	2
1167.0	0	1	0	2
1170.0	0	1	0	1
1171.0	0	1	0	0
1173.0	0	2	0	0
1175.0	0	0	0	3
1176.0	0	2	0	1
1177.0	0	1	0	0
1178.0	0	1	0	0
1179.0	0	2	0	0
1182.0	0	2	0	0
1183.0	0	1	0	0
1184.0	0	0	0	2
1185.0	0	0	0	1
1189.0	0	1	0	0
1191.0	0	0	0	1
1192.0	0	0	0	1
1195.0	0	0	0	1
1196.0	0	2	0	1
1198.0	0	1	0	0
1200.0	0	1	0	0
1201.0	0	1	0	1
1204.0	0	0	0	1
1206.0	0	1	0	0
1207.0	0	0	0	1
1208.0	0	1	0	0
1211.0	0	0	0	2
1212.0	0	1	0	0
1214.0	0	1	0	1
1216.0	0	0	0	1
1217.0	0	2	0	1
1218.0	0	0	0	1
1220.0	0	0	0	1
1223.0	0	1	0	1
1224.0	0	2	0	0
1225.0	0	0	0	1
1227.0	0	1	0	0
1228.0	0	1	0	0
1230.0	0	2	0	0
1232.0	0	0	0	1
1238.0	0	1	0	0
1241.0	0	0	0	1
1243.0	0	0	0	1
1249.0	0	0	0	1
1251.0	0	1	0	0
1256.0	0	1	0	0
1257.0	0	1	0	0
1261.0	0	0	0	1
1264.0	0	1	0	2
1266.0	0	0	0	2
1267.0	0	1	0	1
1268.0	0	1	0	0
1269.0	0	0	0	1
1274.0	0	1	0	0
1276.0	0	1	0	0
1278.0	0	2	0	1
1286.0	0	0	0	1
1287.0	0	0	0	1
1290.0	0	1	0	0
1293.0	0	0	0	3
1294.0	0	1	0	1
1296.0	0	0	0	1
1298.0	0	0	0	1
1301.0	0	1	0	0
1302.0	0	0	0	2
1304.0	0	1	0	0
1307.0	0	1	0	0
1308.0	0	2	0	0
1309.0	0	1	0	1
1312.0	0	1	0	0
1313.0	0	0	0	1
1314.0	0	1	0	0
1316.0	0	1	0	0
1321.0	0	1	0	0
1322.0	0	0	0	2
1323.0	0	1	0	1
1324.0	0	0	0	2
1327.0	0	2	0	1
1331.0	0	1	0	1
1332.0	0	1	0	0
1333.0	0	1	0	0
1334.0	0	1	0	0
1340.0	0	1	0	0
1344.0	0	0	0	2
1350.0	0	1	0	0
1353.0	0	1	0	0
1354.0	0	0	0	1
1364.0	0	1	0	1
1372.0	0	0	0	1
1374.0	0	1	0	0
1379.0	0	0	0	1
1380.0	0	1	0	0
1391.0	0	0	0	1
1394.0	0	0	0	1
1398.0	0	1	0	0
1401.0	0	2	0	1
1404.0	0	1	0	0
1405.0	0	0	0	1
1409.0	0	0	0	1
1410.0	0	0	0	1
1412.0	0	0	0	1
1414.0	0	2	0	1
1418.0	0	0	0	1
1421.0	0	1	0	0
1423.0	0	1	0	0
1427.0	0	1	0	0
1428.0	0	1	0	0
1431.0	0	0	0	1
1435.0	0	0	0	1
1442.0	0	1	0	0
1443.0	0	1	0	1
1452.0	0	1	0	0
1453.0	0	0	0	1
1459.0	0	1	0	0
1466.0	0	0	0	1
1473.0	0	0	0	1
1474.0	0	0	0	1
1477.0	0	0	0	1
1480.0	0	1	0	0
1485.0	0	1	0	0
1487.0	0	1	0	0
1492.0	0	1	0	1
1497.0	0	1	0	0
1502.0	0	0	0	1
1505.0	0	0	0	1
1507.0	0	0	0	1
1509.0	0	0	0	1
1514.0	0	0	0	1
1515.0	0	1	0	0
1516.0	0	1	0	0
1520.0	0	0	0	1
1521.0	0	1	0	0
1522.0	0	1	0	0
1524.0	0	1	0	0
1526.0	0	1	0	1
1528.0	0	0	0	1
1537.0	0	1	0	0
1539.0	0	1	0	0
1542.0	0	0	0	1
1550.0	0	0	0	1
1551.0	0	0	0	1
1552.0	0	0	0	1
1553.0	0	1	0	0
1555.0	0	1	0	1
1562.0	0	0	0	1
1563.0	0	1	0	0
1565.0	0	1	0	0
1567.0	0	1	0	0
1573.0	0	1	0	0
1575.0	0	0	0	1
1586.0	0	0	0	1
1588.0	0	1	0	0
1595.0	0	0	0	1
1597.0	0	1	0	0
1603.0	0	0	0	1
1608.0	0	1	0	0
1609.0	0	0	0	1
1612.0	0	1	0	1
1613.0	0	0	0	1
1617.0	0	1	0	0
1618.0	0	1	0	0
1620.0	0	1	0	0
1622.0	0	0	0	1
1628.0	0	0	0	1
1629.0	0	0	0	1
1632.0	0	1	0	0
1634.0	0	1	0	0
1636.0	0	0	0	1
1643.0	0	2	0	1
1649.0	0	0	0	1
1653.0	0	1	0	1
1658.0	0	1	0	0
1660.0	0	0	0	1
1663.0	0	1	0	0
1664.0	0	0	0	1
1667.0	0	1	0	0
1672.0	0	0	0	3
1675.0	0	1	0	1
1679.0	0	1	0	0
1681.0	0	0	0	1
1683.0	0	1	0	0
1685.0	0	1	0	0
1686.0	0	0	0	1
1687.0	0	2	0	1
1689.0	0	0	0	1
1690.0	0	0	0	1
1691.0	0	0	0	1
1692.0	0	0	0	1
1693.0	0	1	0	0
1695.0	0	0	0	1
1696.0	0	0	0	1
1697.0	0	1	0	0
1701.0	0	2	0	0
1702.0	0	1	0	0
1703.0	0	1	0	1
1704.0	0	1	0	0
1708.0	0	1	0	0
1715.0	0	0	0	1
1718.0	0	1	0	1
1725.0	0	1	0	0
1726.0	0	0	0	2
1730.0	0	1	0	0
1733.0	0	0	0	1
1734.0	0	1	0	0
1735.0	0	1	0	0
1741.0	0	1	0	0
1754.0	0	0	0	1
1760.0	0	0	0	1
1762.0	0	0	0	1
1763.0	0	0	0	1
1765.0	0	0	0	1
1766.0	0	0	0	1
1769.0	0	1	0	0
1770.0	0	1	0	0
1775.0	0	1	0	0
1778.0	0	0	0	1
1779.0	0	1	0	0
1780.0	0	1	0	0
1784.0	0	1	0	0
1787.0	0	0	0	1
1789.0	0	0	0	1
1790.0	0	1	0	0
1793.0	0	0	0	1
1797.0	0	1	0	1
1801.0	0	0	0	1
1802.0	0	0	0	1
1807.0	0	1	0	0
1808.0	0	0	0	1
1809.0	0	1	0	0
1812.0	0	1	0	0
1814.0	0	1	0	0
1815.0	0	0	0	1
1818.0	0	0	0	1
1820.0	0	1	0	1
1823.0	0	1	0	0
1824.0	0	1	0	0
1826.0	0	1	0	0
1827.0	0	0	0	1
1831.0	0	0	0	1
1834.0	0	1	0	0
1837.0	0	1	0	0
1846.0	0	0	0	1
1850.0	0	0	0	1
1851.0	0	1	0	0
1858.0	0	1	0	0
1869.0	0	1	0	0
1884.0	0	0	0	1
1890.0	0	0	0	1
1906.0	0	1	0	0
1909.0	0	0	0	1
1914.0	0	1	0	0
1920.0	0	0	0	1
1924.0	0	1	0	0
1928.0	0	0	0	1
1933.0	0	1	0	0
1938.0	0	1	0	0
1946.0	0	0	0	1
1950.0	0	0	0	1
1955.0	0	1	0	0
1964.0	0	1	0	0
1967.0	0	0	0	2
1974.0	0	1	0	0
1975.0	0	0	0	2
1978.0	0	1	0	0
1984.0	0	1	0	0
1992.0	0	1	0	0
2011.0	0	0	0	1
2031.0	0	1	0	0
2042.0	0	0	0	1
2046.0	0	0	0	1
2058.0	0	1	0	0
2069.0	0	1	0	0
2121.0	0	0	0	1
2128.0	0	0	0	1
2131.0	0	0	0	1
2132.0	0	1	0	0
2139.0	0	1	0	0
2150.0	0	1	0	0
2165.0	0	0	0	1
2175.0	0	0	0	1
2184.0	0	1	0	0
2190.0	0	1	0	0
2213.0	0	0	0	1
2223.0	0	1	0	0
2224.0	0	0	0	1
2247.0	0	1	0	0
2264.0	0	0	0	1
2275.0	0	0	0	1
2276.0	0	0	0	1
2281.0	0	1	0	0
2290.0	0	0	0	1
2291.0	0	1	0	0
2295.0	0	1	0	0
2297.0	0	0	0	1
2305.0	0	0	0	1
2307.0	0	1	0	0
2311.0	0	0	0	1
2314.0	0	0	0	1
2317.0	0	1	0	0
2321.0	0	0	0	1
2323.0	0	1	0	0
2329.0	0	1	0	0
2341.0	0	1	0	0
2343.0	0	1	0	0
2361.0	0	0	0	1
2365.0	0	0	0	1
2379.0	0	0	0	1
2380.0	0	1	0	0
2392.0	0	1	0	0
2393.0	0	1	0	0
2403.0	0	0	0	1
2411.0	0	0	0	1
2424.0	0	1	0	0
2436.0	0	1	0	0
2450.0	0	0	0	1
2456.0	0	0	0	1
2469.0	0	1	0	0
2476.0	0	1	0	0
2477.0	0	0	0	1
2486.0	0	0	0	1
2493.0	0	1	0	0
2497.0	0	1	0	0
2626.0	0	0	0	1
2631.0	0	0	0	1
2640.0	0	1	0	0
2642.0	0	1	0	0
2820.0	0	0	0	1
2857.0	0	1	0	0
2869.0	0	0	0	1
2878.0	0	0	0	1
2891.0	0	0	0	1
2899.0	0	1	0	0
2903.0	0	1	0	0
2917.0	0	1	0	0
3099.0	0	0	0	1
3124.0	0	1	0	0
3136.0	0	0	0	1
3150.0	0	0	0	1
3157.0	0	0	0	1
3162.0	0	0	0	1
3165.0	0	1	0	0
3176.0	0	1	0	0
3183.0	0	1	0	0
3187.0	0	1	0	0
3192.0	0	0	0	1
3215.0	0	0	0	1
3217.0	0	1	0	0
3238.0	0	1	0	0
3275.0	0	0	0	1
3299.0	0	1	0	0
3399.0	0	0	0	1
3417.0	0	0	0	1
3432.0	0	1	0	0
3453.0	0	1	0	0
3462.0	0	0	0	1
3492.0	0	1	0	0
3546.0	0	0	0	1
3567.0	0	1	0	0
3599.0	0	0	0	1
3622.0	0	1	0	0
3672.0	0	0	0	1
3698.0	0	1	0	0
3752.0	0	0	0	1
3785.0	0	0	0	1
3790.0	0	1	0	0
3813.0	0	1	0	0
3884.0	0	0	0	1
3912.0	0	0	0	1
3915.0	0	1	0	0
3951.0	0	1	0	0
4015.0	0	0	0	1
4043.0	0	1	0	0
5367.0	0	0	0	1
5378.0	0	0	0	1
5416.0	0	1	0	0
5425.0	0	1	0	0
5845.0	0	0	0	1
5898.0	0	1	0	0
6830.0	0	0	0	1
6891.0	0	1	0	0
7426.0	0	0	0	1
7499.0	0	1	0	0
7681.0	0	0	0	1
7748.0	0	1	0	0

