## htsjdk.samtools.metrics.StringHeader
# MarkDuplicates INPUT=[/scratch/eknodel/TESLA/RNAseq/sorted_bam/TESLA_11_RNA_HISAT2_genome_aligned_sortedbycoord.bam] OUTPUT=/scratch/eknodel/TESLA/RNAseq/sorted_bam/TESLA_11_RNA_HISAT2_genome_aligned_sortedbycoord_mkdup.bam METRICS_FILE=TESLA_11.picard_mkdup_metrics.txt    MAX_SEQUENCES_FOR_DISK_READ_ENDS_MAP=50000 MAX_FILE_HANDLES_FOR_READ_ENDS_MAP=8000 SORTING_COLLECTION_SIZE_RATIO=0.25 TAG_DUPLICATE_SET_MEMBERS=false REMOVE_SEQUENCING_DUPLICATES=false TAGGING_POLICY=DontTag CLEAR_DT=true DUPLEX_UMI=false ADD_PG_TAG_TO_READS=true REMOVE_DUPLICATES=false ASSUME_SORTED=false DUPLICATE_SCORING_STRATEGY=SUM_OF_BASE_QUALITIES PROGRAM_RECORD_ID=MarkDuplicates PROGRAM_GROUP_NAME=MarkDuplicates READ_NAME_REGEX=<optimized capture of last three ':' separated fields as numeric values> OPTICAL_DUPLICATE_PIXEL_DISTANCE=100 MAX_OPTICAL_DUPLICATE_SET_SIZE=300000 VERBOSITY=INFO QUIET=false VALIDATION_STRINGENCY=STRICT COMPRESSION_LEVEL=5 MAX_RECORDS_IN_RAM=500000 CREATE_INDEX=false CREATE_MD5_FILE=false GA4GH_CLIENT_SECRETS=client_secrets.json USE_JDK_DEFLATER=false USE_JDK_INFLATER=false
## htsjdk.samtools.metrics.StringHeader
# Started on: Thu Mar 16 20:12:30 MST 2023

## METRICS CLASS	picard.sam.DuplicationMetrics
LIBRARY	UNPAIRED_READS_EXAMINED	READ_PAIRS_EXAMINED	SECONDARY_OR_SUPPLEMENTARY_RDS	UNMAPPED_READS	UNPAIRED_READ_DUPLICATES	READ_PAIR_DUPLICATES	READ_PAIR_OPTICAL_DUPLICATES	PERCENT_DUPLICATION	ESTIMATED_LIBRARY_SIZE
Unknown Library	3250818	72021430	83752735	0	2405173	21807356	219937	0.312436	94033578

## HISTOGRAM	java.lang.Double
BIN	VALUE	all_sets	optical_sets	non_optical_sets
1.0	1.002039	41983235	0	42099100
2.0	1.467896	5596033	196488	5527628
3.0	1.684478	1297292	7455	1267097
4.0	1.785169	474196	1034	463875
5.0	1.831981	235961	356	232523
6.0	1.853745	141267	195	139994
7.0	1.863863	93900	85	93242
8.0	1.868567	66697	66	66289
9.0	1.870754	48722	35	48438
10.0	1.87177	37181	42	37034
11.0	1.872243	29234	24	29101
12.0	1.872463	23748	25	23696
13.0	1.872565	19396	8	19333
14.0	1.872613	16173	9	16094
15.0	1.872635	13561	9	13493
16.0	1.872645	11588	5	11579
17.0	1.87265	9854	3	9836
18.0	1.872652	8513	2	8459
19.0	1.872653	7359	3	7318
20.0	1.872653	6661	5	6664
21.0	1.872654	5764	1	5789
22.0	1.872654	5385	1	5327
23.0	1.872654	4801	1	4796
24.0	1.872654	4122	1	4119
25.0	1.872654	3735	0	3712
26.0	1.872654	3428	0	3419
27.0	1.872654	3151	1	3152
28.0	1.872654	2846	1	2826
29.0	1.872654	2598	0	2601
30.0	1.872654	2476	0	2453
31.0	1.872654	2204	0	2236
32.0	1.872654	2138	1	2130
33.0	1.872654	1934	0	1901
34.0	1.872654	1848	0	1868
35.0	1.872654	1631	0	1628
36.0	1.872654	1566	0	1552
37.0	1.872654	1446	0	1434
38.0	1.872654	1340	1	1346
39.0	1.872654	1345	0	1332
40.0	1.872654	1163	0	1183
41.0	1.872654	1124	0	1115
42.0	1.872654	1156	1	1135
43.0	1.872654	1031	0	1053
44.0	1.872654	1013	0	1015
45.0	1.872654	932	0	925
46.0	1.872654	907	0	890
47.0	1.872654	821	0	829
48.0	1.872654	803	0	811
49.0	1.872654	781	0	757
50.0	1.872654	721	0	722
51.0	1.872654	705	0	712
52.0	1.872654	694	0	666
53.0	1.872654	625	0	641
54.0	1.872654	642	0	627
55.0	1.872654	588	0	595
56.0	1.872654	539	0	554
57.0	1.872654	558	0	551
58.0	1.872654	520	0	514
59.0	1.872654	490	0	485
60.0	1.872654	480	0	489
61.0	1.872654	460	0	459
62.0	1.872654	437	0	427
63.0	1.872654	449	0	449
64.0	1.872654	422	0	428
65.0	1.872654	395	0	389
66.0	1.872654	359	0	370
67.0	1.872654	384	0	364
68.0	1.872654	357	0	356
69.0	1.872654	312	0	323
70.0	1.872654	339	0	334
71.0	1.872654	297	0	318
72.0	1.872654	331	0	298
73.0	1.872654	288	0	296
74.0	1.872654	290	0	291
75.0	1.872654	251	0	255
76.0	1.872654	293	0	290
77.0	1.872654	288	0	283
78.0	1.872654	254	0	259
79.0	1.872654	236	0	229
80.0	1.872654	250	0	253
81.0	1.872654	237	0	245
82.0	1.872654	234	0	225
83.0	1.872654	225	0	228
84.0	1.872654	190	0	198
85.0	1.872654	244	0	246
86.0	1.872654	207	0	208
87.0	1.872654	183	0	169
88.0	1.872654	186	0	183
89.0	1.872654	211	0	215
90.0	1.872654	173	0	183
91.0	1.872654	193	0	182
92.0	1.872654	165	0	166
93.0	1.872654	159	0	166
94.0	1.872654	160	0	152
95.0	1.872654	169	0	179
96.0	1.872654	155	0	144
97.0	1.872654	177	0	188
98.0	1.872654	186	0	178
99.0	1.872654	153	0	150
100.0	1.872654	164	0	167
101.0	0	135	0	132
102.0	0	143	0	149
103.0	0	141	0	134
104.0	0	136	0	132
105.0	0	132	0	128
106.0	0	147	0	153
107.0	0	135	0	125
108.0	0	137	0	145
109.0	0	121	0	127
110.0	0	126	0	117
111.0	0	124	0	137
112.0	0	124	0	111
113.0	0	117	0	115
114.0	0	107	0	120
115.0	0	131	0	122
116.0	0	113	0	109
117.0	0	93	0	96
118.0	0	112	0	114
119.0	0	107	0	112
120.0	0	100	0	92
121.0	0	86	0	91
122.0	0	97	0	87
123.0	0	85	0	94
124.0	0	87	0	89
125.0	0	91	0	92
126.0	0	79	0	70
127.0	0	77	0	80
128.0	0	89	0	91
129.0	0	110	0	112
130.0	0	99	0	88
131.0	0	92	0	95
132.0	0	63	0	70
133.0	0	85	0	82
134.0	0	84	0	74
135.0	0	70	0	70
136.0	0	69	0	67
137.0	0	67	0	80
138.0	0	68	0	67
139.0	0	78	0	86
140.0	0	91	0	77
141.0	0	76	0	73
142.0	0	98	0	101
143.0	0	79	0	79
144.0	0	78	0	71
145.0	0	62	0	78
146.0	0	74	0	72
147.0	0	68	0	58
148.0	0	48	0	54
149.0	0	79	0	78
150.0	0	58	0	52
151.0	0	54	0	56
152.0	0	66	0	70
153.0	0	61	0	60
154.0	0	62	0	58
155.0	0	65	0	60
156.0	0	56	0	54
157.0	0	53	0	55
158.0	0	51	0	63
159.0	0	68	0	66
160.0	0	66	0	68
161.0	0	60	0	54
162.0	0	52	0	59
163.0	0	46	0	44
164.0	0	40	0	45
165.0	0	68	0	58
166.0	0	53	0	58
167.0	0	59	0	52
168.0	0	50	0	60
169.0	0	50	0	47
170.0	0	63	0	55
171.0	0	50	0	49
172.0	0	50	0	61
173.0	0	61	0	53
174.0	0	56	0	49
175.0	0	38	0	46
176.0	0	48	0	50
177.0	0	40	0	41
178.0	0	48	0	44
179.0	0	53	0	53
180.0	0	41	0	47
181.0	0	56	0	53
182.0	0	41	0	41
183.0	0	41	0	30
184.0	0	33	0	28
185.0	0	34	0	50
186.0	0	41	0	41
187.0	0	42	0	39
188.0	0	43	0	50
189.0	0	44	0	37
190.0	0	43	0	39
191.0	0	40	0	38
192.0	0	28	0	26
193.0	0	29	0	32
194.0	0	37	0	40
195.0	0	31	0	34
196.0	0	26	0	31
197.0	0	45	0	41
198.0	0	37	0	37
199.0	0	40	0	36
200.0	0	33	0	36
201.0	0	40	0	33
202.0	0	43	0	39
203.0	0	28	0	39
204.0	0	38	0	47
205.0	0	36	0	25
206.0	0	35	0	27
207.0	0	29	0	34
208.0	0	36	0	34
209.0	0	24	0	31
210.0	0	28	0	30
211.0	0	46	0	43
212.0	0	31	0	20
213.0	0	25	0	29
214.0	0	29	0	32
215.0	0	28	0	21
216.0	0	29	0	27
217.0	0	25	0	34
218.0	0	34	0	36
219.0	0	22	0	20
220.0	0	30	0	29
221.0	0	30	0	33
222.0	0	26	0	17
223.0	0	23	0	37
224.0	0	30	0	28
225.0	0	25	0	26
226.0	0	36	0	30
227.0	0	33	0	29
228.0	0	30	0	33
229.0	0	28	0	29
230.0	0	33	0	28
231.0	0	19	0	28
232.0	0	30	0	28
233.0	0	31	0	26
234.0	0	30	0	33
235.0	0	26	0	30
236.0	0	27	0	19
237.0	0	23	0	27
238.0	0	14	0	18
239.0	0	28	0	29
240.0	0	31	0	24
241.0	0	27	0	26
242.0	0	23	0	31
243.0	0	25	0	24
244.0	0	24	0	20
245.0	0	19	0	24
246.0	0	29	0	24
247.0	0	26	0	26
248.0	0	24	0	27
249.0	0	23	0	21
250.0	0	22	0	20
251.0	0	20	0	18
252.0	0	20	0	20
253.0	0	21	0	22
254.0	0	21	0	16
255.0	0	18	0	18
256.0	0	17	0	18
257.0	0	14	0	16
258.0	0	21	0	20
259.0	0	14	0	21
260.0	0	23	0	22
261.0	0	27	0	24
262.0	0	22	0	14
263.0	0	17	0	18
264.0	0	14	0	25
265.0	0	19	0	20
266.0	0	26	0	29
267.0	0	27	0	19
268.0	0	20	0	22
269.0	0	17	0	15
270.0	0	19	0	17
271.0	0	18	0	13
272.0	0	15	0	23
273.0	0	18	0	23
274.0	0	23	0	23
275.0	0	27	0	21
276.0	0	23	0	23
277.0	0	15	0	15
278.0	0	17	0	19
279.0	0	25	0	24
280.0	0	20	0	19
281.0	0	19	0	13
282.0	0	9	0	11
283.0	0	13	0	11
284.0	0	13	0	20
285.0	0	14	0	13
286.0	0	22	0	29
287.0	0	17	0	17
288.0	0	25	0	21
289.0	0	16	0	13
290.0	0	14	0	6
291.0	0	12	0	10
292.0	0	12	0	20
293.0	0	16	0	19
294.0	0	19	0	19
295.0	0	14	0	15
296.0	0	16	0	11
297.0	0	15	0	18
298.0	0	17	0	20
299.0	0	20	0	13
300.0	0	13	0	16
301.0	0	13	0	18
302.0	0	15	0	9
303.0	0	17	0	17
304.0	0	13	0	13
305.0	0	9	0	16
306.0	0	17	0	17
307.0	0	13	0	7
308.0	0	13	0	11
309.0	0	11	0	13
310.0	0	18	0	20
311.0	0	9	0	12
312.0	0	24	0	13
313.0	0	9	0	12
314.0	0	10	0	11
315.0	0	12	0	14
316.0	0	21	0	23
317.0	0	16	0	14
318.0	0	17	0	20
319.0	0	15	0	12
320.0	0	10	0	10
321.0	0	15	0	13
322.0	0	16	0	13
323.0	0	11	0	12
324.0	0	9	0	12
325.0	0	11	0	12
326.0	0	17	0	17
327.0	0	16	0	9
328.0	0	8	0	11
329.0	0	8	0	11
330.0	0	13	0	7
331.0	0	11	0	15
332.0	0	10	0	14
333.0	0	6	0	7
334.0	0	14	0	9
335.0	0	10	0	14
336.0	0	15	0	13
337.0	0	13	0	13
338.0	0	16	0	14
339.0	0	13	0	15
340.0	0	11	0	11
341.0	0	10	0	10
342.0	0	12	0	15
343.0	0	16	0	12
344.0	0	12	0	11
345.0	0	14	0	15
346.0	0	7	0	6
347.0	0	10	0	14
348.0	0	14	0	12
349.0	0	10	0	5
350.0	0	8	0	12
351.0	0	12	0	12
352.0	0	14	0	8
353.0	0	12	0	11
354.0	0	8	0	10
355.0	0	9	0	12
356.0	0	13	0	8
357.0	0	6	0	10
358.0	0	6	0	7
359.0	0	11	0	15
360.0	0	11	0	10
361.0	0	8	0	9
362.0	0	10	0	3
363.0	0	11	0	12
364.0	0	8	0	10
365.0	0	5	0	6
366.0	0	9	0	7
367.0	0	13	0	18
368.0	0	11	0	9
369.0	0	10	0	12
370.0	0	14	0	13
371.0	0	15	0	12
372.0	0	9	0	12
373.0	0	12	0	7
374.0	0	11	0	12
375.0	0	9	0	8
376.0	0	7	0	8
377.0	0	6	0	5
378.0	0	9	0	7
379.0	0	4	0	12
380.0	0	9	0	4
381.0	0	9	0	11
382.0	0	7	0	5
383.0	0	9	0	11
384.0	0	9	0	6
385.0	0	11	0	6
386.0	0	4	0	10
387.0	0	5	0	9
388.0	0	11	0	10
389.0	0	10	0	9
390.0	0	8	0	11
391.0	0	12	0	8
392.0	0	10	0	9
393.0	0	8	0	7
394.0	0	8	0	10
395.0	0	12	0	12
396.0	0	10	0	6
397.0	0	7	0	8
398.0	0	10	0	9
399.0	0	7	0	6
400.0	0	6	0	5
401.0	0	3	0	9
402.0	0	9	0	6
403.0	0	7	0	7
404.0	0	7	0	9
405.0	0	8	0	7
406.0	0	9	0	3
407.0	0	6	0	7
408.0	0	8	0	7
409.0	0	3	0	9
410.0	0	8	0	7
411.0	0	8	0	8
412.0	0	8	0	10
413.0	0	6	0	9
414.0	0	8	0	8
415.0	0	13	0	10
416.0	0	9	0	5
417.0	0	6	0	8
418.0	0	8	0	9
419.0	0	6	0	10
420.0	0	8	0	6
421.0	0	11	0	9
422.0	0	7	0	5
423.0	0	3	0	7
424.0	0	10	0	11
425.0	0	3	0	8
426.0	0	12	0	12
427.0	0	8	0	12
428.0	0	9	0	9
429.0	0	12	0	8
430.0	0	10	0	8
431.0	0	12	0	6
432.0	0	7	0	5
433.0	0	5	0	5
434.0	0	2	0	6
435.0	0	5	0	7
436.0	0	8	0	5
437.0	0	6	0	2
438.0	0	4	0	7
439.0	0	7	0	5
440.0	0	6	0	5
441.0	0	3	0	7
442.0	0	6	0	6
443.0	0	3	0	8
444.0	0	7	0	7
445.0	0	7	0	2
446.0	0	9	0	7
447.0	0	4	0	7
448.0	0	7	0	9
449.0	0	12	0	6
450.0	0	5	0	7
451.0	0	4	0	1
452.0	0	6	0	7
453.0	0	6	0	7
454.0	0	4	0	4
455.0	0	4	0	2
456.0	0	4	0	9
457.0	0	5	0	9
458.0	0	12	0	8
459.0	0	11	0	5
460.0	0	3	0	5
461.0	0	8	0	10
462.0	0	4	0	5
463.0	0	3	0	7
464.0	0	8	0	3
465.0	0	6	0	7
466.0	0	4	0	4
467.0	0	6	0	8
468.0	0	8	0	9
469.0	0	4	0	2
470.0	0	4	0	1
471.0	0	4	0	4
472.0	0	5	0	7
473.0	0	6	0	1
474.0	0	2	0	6
475.0	0	6	0	4
476.0	0	6	0	4
477.0	0	2	0	8
478.0	0	9	0	8
479.0	0	3	0	3
480.0	0	8	0	7
481.0	0	4	0	5
482.0	0	4	0	8
483.0	0	10	0	7
484.0	0	4	0	7
485.0	0	7	0	8
486.0	0	7	0	5
487.0	0	9	0	7
488.0	0	7	0	12
489.0	0	5	0	5
490.0	0	7	0	6
491.0	0	8	0	2
492.0	0	8	0	8
493.0	0	7	0	8
494.0	0	5	0	1
495.0	0	5	0	5
496.0	0	5	0	4
497.0	0	3	0	10
498.0	0	9	0	3
499.0	0	4	0	5
500.0	0	7	0	4
501.0	0	2	0	7
502.0	0	2	0	7
503.0	0	5	0	4
504.0	0	2	0	0
505.0	0	6	0	5
506.0	0	5	0	4
507.0	0	7	0	5
508.0	0	4	0	4
509.0	0	4	0	4
510.0	0	1	0	3
511.0	0	4	0	2
512.0	0	4	0	6
513.0	0	4	0	4
514.0	0	4	0	6
515.0	0	5	0	5
516.0	0	9	0	8
517.0	0	7	0	8
518.0	0	8	0	5
519.0	0	3	0	3
520.0	0	3	0	5
521.0	0	5	0	2
522.0	0	1	0	0
523.0	0	2	0	5
524.0	0	5	0	3
525.0	0	6	0	5
526.0	0	2	0	4
527.0	0	5	0	6
528.0	0	4	0	3
529.0	0	2	0	4
530.0	0	5	0	3
531.0	0	4	0	2
532.0	0	4	0	5
533.0	0	1	0	0
534.0	0	4	0	5
535.0	0	5	0	6
536.0	0	7	0	6
537.0	0	2	0	5
538.0	0	6	0	3
539.0	0	6	0	5
540.0	0	4	0	3
541.0	0	2	0	4
542.0	0	5	0	4
543.0	0	4	0	4
544.0	0	4	0	4
545.0	0	6	0	6
546.0	0	6	0	7
547.0	0	6	0	2
548.0	0	3	0	5
549.0	0	3	0	3
550.0	0	3	0	1
551.0	0	3	0	1
552.0	0	1	0	5
553.0	0	3	0	3
554.0	0	5	0	2
555.0	0	1	0	2
556.0	0	1	0	2
557.0	0	3	0	3
558.0	0	2	0	3
559.0	0	2	0	4
560.0	0	4	0	4
561.0	0	7	0	8
562.0	0	2	0	2
563.0	0	2	0	2
564.0	0	5	0	5
565.0	0	6	0	6
566.0	0	5	0	5
567.0	0	5	0	2
568.0	0	2	0	8
569.0	0	4	0	3
570.0	0	5	0	8
571.0	0	7	0	4
572.0	0	4	0	4
573.0	0	5	0	1
574.0	0	7	0	5
575.0	0	4	0	4
576.0	0	1	0	2
577.0	0	3	0	1
578.0	0	1	0	1
579.0	0	2	0	1
580.0	0	3	0	5
581.0	0	3	0	3
582.0	0	4	0	4
583.0	0	3	0	4
584.0	0	2	0	6
585.0	0	4	0	6
586.0	0	3	0	1
587.0	0	4	0	5
588.0	0	3	0	5
589.0	0	10	0	4
590.0	0	1	0	1
591.0	0	4	0	4
592.0	0	1	0	8
593.0	0	6	0	4
594.0	0	6	0	7
595.0	0	5	0	1
596.0	0	5	0	3
597.0	0	4	0	6
598.0	0	3	0	4
599.0	0	4	0	1
600.0	0	3	0	5
601.0	0	3	0	1
602.0	0	5	0	2
603.0	0	1	0	3
604.0	0	0	0	2
605.0	0	2	0	3
606.0	0	2	0	2
607.0	0	5	0	0
608.0	0	2	0	1
609.0	0	0	0	4
610.0	0	5	0	3
611.0	0	1	0	4
612.0	0	4	0	3
613.0	0	5	0	4
614.0	0	4	0	1
615.0	0	4	0	6
616.0	0	1	0	2
617.0	0	3	0	1
618.0	0	3	0	7
619.0	0	5	0	6
620.0	0	3	0	1
621.0	0	2	0	3
622.0	0	4	0	2
623.0	0	1	0	2
624.0	0	3	0	3
625.0	0	1	0	3
626.0	0	5	0	2
627.0	0	1	0	3
628.0	0	1	0	2
629.0	0	3	0	4
630.0	0	4	0	4
631.0	0	6	0	3
632.0	0	3	0	5
633.0	0	3	0	2
634.0	0	4	0	4
635.0	0	2	0	1
636.0	0	4	0	4
637.0	0	4	0	4
638.0	0	3	0	2
639.0	0	2	0	1
640.0	0	1	0	5
641.0	0	2	0	2
642.0	0	5	0	4
643.0	0	3	0	3
644.0	0	3	0	3
645.0	0	4	0	2
646.0	0	2	0	1
647.0	0	1	0	2
648.0	0	4	0	4
649.0	0	2	0	3
650.0	0	6	0	5
651.0	0	2	0	1
652.0	0	2	0	3
653.0	0	2	0	4
654.0	0	3	0	1
655.0	0	4	0	2
656.0	0	1	0	3
657.0	0	2	0	3
658.0	0	2	0	2
659.0	0	3	0	1
660.0	0	1	0	0
661.0	0	1	0	2
662.0	0	2	0	3
663.0	0	0	0	1
664.0	0	3	0	3
665.0	0	1	0	2
666.0	0	3	0	1
667.0	0	4	0	3
668.0	0	1	0	6
669.0	0	3	0	1
670.0	0	5	0	3
671.0	0	1	0	0
672.0	0	1	0	3
673.0	0	3	0	1
674.0	0	2	0	2
675.0	0	3	0	5
676.0	0	2	0	2
677.0	0	4	0	3
678.0	0	4	0	1
679.0	0	0	0	1
680.0	0	1	0	5
681.0	0	2	0	3
682.0	0	3	0	2
683.0	0	0	0	2
684.0	0	5	0	1
685.0	0	2	0	2
686.0	0	3	0	2
687.0	0	1	0	2
688.0	0	4	0	3
689.0	0	1	0	2
690.0	0	1	0	3
691.0	0	2	0	5
692.0	0	5	0	2
693.0	0	5	0	2
694.0	0	0	0	2
695.0	0	3	0	1
696.0	0	2	0	4
697.0	0	3	0	2
698.0	0	1	0	0
699.0	0	1	0	2
700.0	0	3	0	0
701.0	0	2	0	2
702.0	0	0	0	2
703.0	0	3	0	4
704.0	0	2	0	2
705.0	0	2	0	2
706.0	0	4	0	2
707.0	0	1	0	3
708.0	0	3	0	1
709.0	0	3	0	3
710.0	0	0	0	3
711.0	0	3	0	0
712.0	0	2	0	5
713.0	0	4	0	2
714.0	0	2	0	4
715.0	0	1	0	3
716.0	0	4	0	4
717.0	0	5	0	3
718.0	0	1	0	3
719.0	0	2	0	2
720.0	0	3	0	0
721.0	0	4	0	1
722.0	0	0	0	3
723.0	0	2	0	1
724.0	0	1	0	2
725.0	0	3	0	3
726.0	0	3	0	4
727.0	0	2	0	3
728.0	0	4	0	5
729.0	0	3	0	5
730.0	0	4	0	3
731.0	0	2	0	3
732.0	0	1	0	2
733.0	0	2	0	3
734.0	0	2	0	3
735.0	0	2	0	1
736.0	0	9	0	0
737.0	0	1	0	2
738.0	0	1	0	2
739.0	0	2	0	0
740.0	0	1	0	3
741.0	0	0	0	1
742.0	0	3	0	3
743.0	0	1	0	2
744.0	0	1	0	1
745.0	0	3	0	1
746.0	0	2	0	3
747.0	0	2	0	2
748.0	0	1	0	0
749.0	0	1	0	3
750.0	0	2	0	0
751.0	0	2	0	2
752.0	0	2	0	2
753.0	0	3	0	3
754.0	0	2	0	1
755.0	0	1	0	4
756.0	0	2	0	1
757.0	0	3	0	1
758.0	0	1	0	2
759.0	0	2	0	0
760.0	0	2	0	1
761.0	0	2	0	3
762.0	0	2	0	4
763.0	0	1	0	0
764.0	0	2	0	2
765.0	0	2	0	3
766.0	0	3	0	3
767.0	0	1	0	3
768.0	0	2	0	0
769.0	0	2	0	1
770.0	0	3	0	1
771.0	0	1	0	2
772.0	0	1	0	6
773.0	0	3	0	2
774.0	0	3	0	2
775.0	0	1	0	0
776.0	0	2	0	2
777.0	0	4	0	1
778.0	0	0	0	2
779.0	0	1	0	1
780.0	0	1	0	3
781.0	0	1	0	1
782.0	0	3	0	0
783.0	0	1	0	5
784.0	0	4	0	2
785.0	0	2	0	5
786.0	0	1	0	1
787.0	0	6	0	0
788.0	0	1	0	5
789.0	0	3	0	5
790.0	0	1	0	4
791.0	0	4	0	1
792.0	0	2	0	0
793.0	0	4	0	4
794.0	0	1	0	0
795.0	0	1	0	0
796.0	0	1	0	1
797.0	0	1	0	2
798.0	0	2	0	2
799.0	0	1	0	2
800.0	0	1	0	4
801.0	0	5	0	1
802.0	0	3	0	2
803.0	0	4	0	1
804.0	0	1	0	2
805.0	0	0	0	2
806.0	0	4	0	1
807.0	0	1	0	1
808.0	0	1	0	3
809.0	0	3	0	4
810.0	0	1	0	1
811.0	0	0	0	2
812.0	0	1	0	1
813.0	0	1	0	2
814.0	0	4	0	0
817.0	0	1	0	2
818.0	0	1	0	1
819.0	0	1	0	3
820.0	0	2	0	0
821.0	0	2	0	2
822.0	0	2	0	2
823.0	0	1	0	2
824.0	0	0	0	1
825.0	0	2	0	0
826.0	0	3	0	1
827.0	0	0	0	2
828.0	0	1	0	2
829.0	0	0	0	1
830.0	0	3	0	0
831.0	0	3	0	1
832.0	0	1	0	0
833.0	0	0	0	1
835.0	0	1	0	0
836.0	0	0	0	2
837.0	0	0	0	2
838.0	0	0	0	1
839.0	0	3	0	5
840.0	0	2	0	0
841.0	0	2	0	2
842.0	0	2	0	1
843.0	0	2	0	4
844.0	0	1	0	0
845.0	0	2	0	1
846.0	0	0	0	3
847.0	0	2	0	3
848.0	0	3	0	2
849.0	0	2	0	2
850.0	0	3	0	1
851.0	0	3	0	3
853.0	0	2	0	1
854.0	0	0	0	1
855.0	0	2	0	1
857.0	0	1	0	2
858.0	0	3	0	2
859.0	0	3	0	3
860.0	0	0	0	1
861.0	0	1	0	4
862.0	0	2	0	0
863.0	0	0	0	1
864.0	0	2	0	1
865.0	0	1	0	2
866.0	0	4	0	0
868.0	0	3	0	2
869.0	0	0	0	2
870.0	0	2	0	2
871.0	0	2	0	4
872.0	0	2	0	2
873.0	0	3	0	2
874.0	0	1	0	1
875.0	0	2	0	1
876.0	0	1	0	1
877.0	0	4	0	2
878.0	0	1	0	1
879.0	0	1	0	3
880.0	0	0	0	1
881.0	0	4	0	0
882.0	0	0	0	2
883.0	0	2	0	2
884.0	0	1	0	0
885.0	0	0	0	1
887.0	0	0	0	1
888.0	0	4	0	2
890.0	0	2	0	1
892.0	0	1	0	1
893.0	0	1	0	3
894.0	0	0	0	1
895.0	0	1	0	3
896.0	0	1	0	2
897.0	0	2	0	0
898.0	0	3	0	1
899.0	0	1	0	1
900.0	0	2	0	1
901.0	0	1	0	0
903.0	0	1	0	1
905.0	0	0	0	1
907.0	0	0	0	1
909.0	0	1	0	2
910.0	0	1	0	0
911.0	0	1	0	1
912.0	0	0	0	3
913.0	0	2	0	2
915.0	0	3	0	5
916.0	0	1	0	2
917.0	0	3	0	1
918.0	0	1	0	0
919.0	0	1	0	1
920.0	0	3	0	1
921.0	0	1	0	1
922.0	0	2	0	1
923.0	0	1	0	1
924.0	0	3	0	2
927.0	0	0	0	1
928.0	0	1	0	0
929.0	0	1	0	0
930.0	0	0	0	2
931.0	0	1	0	0
932.0	0	1	0	1
933.0	0	1	0	0
934.0	0	2	0	4
935.0	0	1	0	0
936.0	0	0	0	1
937.0	0	1	0	2
938.0	0	1	0	2
941.0	0	1	0	0
942.0	0	2	0	1
943.0	0	1	0	0
944.0	0	1	0	2
945.0	0	1	0	3
946.0	0	2	0	1
947.0	0	0	0	1
948.0	0	1	0	0
949.0	0	2	0	1
950.0	0	1	0	4
952.0	0	2	0	2
953.0	0	1	0	0
954.0	0	1	0	0
955.0	0	2	0	1
956.0	0	0	0	1
957.0	0	3	0	1
958.0	0	0	0	2
959.0	0	1	0	1
960.0	0	2	0	5
961.0	0	3	0	0
963.0	0	3	0	2
964.0	0	1	0	2
965.0	0	1	0	0
967.0	0	1	0	2
968.0	0	0	0	1
969.0	0	3	0	1
970.0	0	3	0	0
971.0	0	0	0	2
974.0	0	1	0	0
977.0	0	1	0	1
978.0	0	0	0	2
979.0	0	0	0	2
980.0	0	1	0	1
981.0	0	0	0	1
982.0	0	1	0	2
983.0	0	2	0	1
984.0	0	4	0	1
985.0	0	0	0	1
986.0	0	0	0	1
987.0	0	1	0	3
988.0	0	1	0	2
989.0	0	0	0	1
990.0	0	1	0	2
991.0	0	4	0	2
992.0	0	3	0	0
993.0	0	1	0	2
994.0	0	2	0	1
995.0	0	2	0	0
996.0	0	2	0	2
997.0	0	1	0	0
999.0	0	1	0	1
1001.0	0	1	0	2
1002.0	0	0	0	1
1003.0	0	1	0	1
1004.0	0	1	0	2
1005.0	0	2	0	0
1006.0	0	0	0	1
1007.0	0	1	0	1
1008.0	0	0	0	1
1009.0	0	2	0	1
1010.0	0	0	0	2
1011.0	0	2	0	0
1012.0	0	2	0	0
1013.0	0	1	0	0
1014.0	0	1	0	1
1016.0	0	1	0	0
1017.0	0	0	0	2
1019.0	0	1	0	1
1020.0	0	1	0	1
1021.0	0	0	0	2
1022.0	0	1	0	0
1023.0	0	0	0	2
1024.0	0	3	0	1
1025.0	0	0	0	1
1026.0	0	1	0	1
1027.0	0	2	0	1
1028.0	0	0	0	1
1029.0	0	0	0	1
1030.0	0	1	0	0
1032.0	0	2	0	1
1033.0	0	2	0	1
1034.0	0	1	0	0
1035.0	0	0	0	3
1038.0	0	1	0	2
1039.0	0	2	0	2
1040.0	0	1	0	2
1041.0	0	1	0	3
1042.0	0	2	0	1
1043.0	0	2	0	1
1044.0	0	1	0	0
1045.0	0	5	0	1
1046.0	0	0	0	1
1047.0	0	0	0	3
1048.0	0	2	0	1
1049.0	0	1	0	0
1050.0	0	0	0	2
1051.0	0	0	0	1
1052.0	0	0	0	2
1053.0	0	3	0	0
1054.0	0	1	0	1
1055.0	0	1	0	1
1056.0	0	2	0	1
1057.0	0	1	0	3
1058.0	0	1	0	0
1060.0	0	2	0	2
1061.0	0	1	0	2
1062.0	0	3	0	0
1063.0	0	0	0	2
1065.0	0	2	0	0
1066.0	0	2	0	1
1067.0	0	2	0	1
1068.0	0	0	0	2
1069.0	0	1	0	0
1070.0	0	0	0	1
1071.0	0	1	0	0
1072.0	0	0	0	1
1073.0	0	1	0	1
1074.0	0	1	0	0
1076.0	0	1	0	0
1077.0	0	0	0	2
1078.0	0	0	0	1
1080.0	0	2	0	0
1081.0	0	2	0	0
1082.0	0	0	0	1
1084.0	0	0	0	1
1085.0	0	0	0	1
1086.0	0	1	0	2
1087.0	0	1	0	1
1088.0	0	1	0	0
1089.0	0	1	0	1
1090.0	0	0	0	1
1092.0	0	0	0	1
1093.0	0	3	0	0
1094.0	0	0	0	1
1095.0	0	2	0	0
1096.0	0	0	0	2
1098.0	0	1	0	0
1099.0	0	0	0	1
1100.0	0	1	0	0
1101.0	0	0	0	2
1102.0	0	1	0	0
1104.0	0	1	0	0
1105.0	0	0	0	1
1106.0	0	1	0	1
1107.0	0	1	0	0
1108.0	0	1	0	0
1109.0	0	0	0	2
1110.0	0	1	0	1
1113.0	0	2	0	0
1114.0	0	1	0	1
1115.0	0	0	0	1
1117.0	0	1	0	0
1119.0	0	0	0	1
1120.0	0	1	0	1
1121.0	0	0	0	2
1122.0	0	1	0	1
1124.0	0	1	0	0
1125.0	0	1	0	0
1126.0	0	1	0	0
1127.0	0	0	0	1
1129.0	0	1	0	0
1130.0	0	1	0	4
1131.0	0	0	0	2
1133.0	0	0	0	2
1134.0	0	1	0	1
1135.0	0	2	0	1
1136.0	0	3	0	0
1137.0	0	1	0	0
1138.0	0	1	0	2
1139.0	0	2	0	1
1140.0	0	2	0	0
1142.0	0	0	0	1
1143.0	0	0	0	1
1144.0	0	3	0	1
1146.0	0	2	0	1
1149.0	0	0	0	1
1150.0	0	0	0	1
1151.0	0	1	0	0
1152.0	0	1	0	0
1153.0	0	0	0	1
1155.0	0	0	0	2
1156.0	0	0	0	1
1158.0	0	0	0	1
1159.0	0	3	0	0
1160.0	0	1	0	0
1161.0	0	0	0	1
1162.0	0	0	0	2
1164.0	0	1	0	0
1165.0	0	1	0	0
1167.0	0	0	0	2
1168.0	0	1	0	1
1169.0	0	1	0	2
1170.0	0	0	0	1
1171.0	0	2	0	0
1172.0	0	0	0	1
1173.0	0	1	0	0
1174.0	0	2	0	1
1177.0	0	1	0	1
1178.0	0	0	0	1
1179.0	0	2	0	1
1180.0	0	2	0	0
1182.0	0	1	0	2
1184.0	0	1	0	0
1186.0	0	2	0	1
1191.0	0	0	0	1
1192.0	0	0	0	2
1193.0	0	1	0	2
1194.0	0	2	0	0
1195.0	0	2	0	0
1196.0	0	0	0	1
1197.0	0	0	0	1
1198.0	0	0	0	2
1199.0	0	1	0	0
1200.0	0	0	0	1
1201.0	0	2	0	0
1203.0	0	1	0	1
1204.0	0	1	0	1
1205.0	0	0	0	1
1207.0	0	1	0	1
1208.0	0	2	0	1
1210.0	0	0	0	2
1211.0	0	1	0	0
1212.0	0	1	0	0
1213.0	0	0	0	1
1214.0	0	1	0	0
1215.0	0	0	0	1
1216.0	0	2	0	0
1217.0	0	0	0	1
1218.0	0	1	0	2
1219.0	0	0	0	1
1221.0	0	1	0	0
1222.0	0	1	0	1
1223.0	0	1	0	0
1224.0	0	1	0	0
1225.0	0	1	0	2
1226.0	0	0	0	1
1227.0	0	1	0	3
1229.0	0	3	0	0
1230.0	0	0	0	1
1231.0	0	3	0	2
1233.0	0	0	0	1
1234.0	0	1	0	0
1236.0	0	0	0	2
1237.0	0	1	0	0
1239.0	0	0	0	2
1240.0	0	1	0	1
1241.0	0	3	0	3
1242.0	0	2	0	1
1243.0	0	1	0	0
1244.0	0	0	0	1
1245.0	0	2	0	1
1246.0	0	1	0	1
1248.0	0	1	0	1
1249.0	0	1	0	0
1251.0	0	0	0	1
1252.0	0	1	0	0
1253.0	0	1	0	1
1255.0	0	1	0	1
1257.0	0	0	0	1
1258.0	0	1	0	1
1260.0	0	1	0	1
1261.0	0	0	0	1
1262.0	0	1	0	0
1263.0	0	1	0	2
1264.0	0	1	0	1
1265.0	0	2	0	0
1266.0	0	1	0	1
1269.0	0	0	0	1
1270.0	0	1	0	0
1271.0	0	2	0	1
1275.0	0	0	0	1
1277.0	0	1	0	0
1279.0	0	0	0	1
1280.0	0	1	0	1
1281.0	0	0	0	2
1283.0	0	2	0	0
1284.0	0	1	0	2
1285.0	0	0	0	1
1286.0	0	2	0	2
1287.0	0	1	0	1
1289.0	0	2	0	0
1290.0	0	1	0	0
1292.0	0	1	0	1
1293.0	0	1	0	0
1297.0	0	0	0	1
1299.0	0	0	0	1
1300.0	0	2	0	0
1302.0	0	0	0	1
1303.0	0	0	0	1
1305.0	0	1	0	0
1307.0	0	0	0	2
1310.0	0	2	0	0
1314.0	0	0	0	1
1315.0	0	1	0	0
1316.0	0	0	0	1
1321.0	0	2	0	0
1322.0	0	0	0	2
1323.0	0	0	0	1
1324.0	0	0	0	2
1326.0	0	1	0	0
1327.0	0	1	0	1
1329.0	0	0	0	1
1331.0	0	3	0	1
1332.0	0	2	0	0
1333.0	0	0	0	1
1334.0	0	0	0	1
1335.0	0	1	0	0
1338.0	0	1	0	0
1339.0	0	0	0	2
1340.0	0	1	0	0
1342.0	0	1	0	0
1345.0	0	0	0	1
1346.0	0	1	0	0
1349.0	0	0	0	1
1350.0	0	0	0	1
1351.0	0	1	0	0
1355.0	0	2	0	1
1363.0	0	1	0	0
1367.0	0	0	0	1
1371.0	0	0	0	1
1374.0	0	1	0	0
1375.0	0	1	0	0
1376.0	0	0	0	1
1377.0	0	0	0	1
1379.0	0	0	0	1
1380.0	0	1	0	0
1381.0	0	1	0	0
1383.0	0	1	0	0
1388.0	0	0	0	1
1390.0	0	1	0	0
1392.0	0	0	0	2
1394.0	0	0	0	1
1395.0	0	1	0	1
1396.0	0	1	0	1
1399.0	0	1	0	0
1401.0	0	1	0	0
1402.0	0	0	0	1
1403.0	0	1	0	0
1404.0	0	0	0	1
1405.0	0	0	0	1
1406.0	0	0	0	1
1408.0	0	0	0	1
1409.0	0	1	0	0
1412.0	0	1	0	0
1413.0	0	2	0	0
1414.0	0	1	0	0
1415.0	0	0	0	1
1417.0	0	0	0	1
1418.0	0	1	0	0
1419.0	0	1	0	0
1422.0	0	0	0	1
1424.0	0	0	0	1
1427.0	0	0	0	1
1428.0	0	1	0	1
1429.0	0	2	0	0
1430.0	0	0	0	1
1432.0	0	0	0	1
1434.0	0	1	0	0
1435.0	0	0	0	1
1438.0	0	1	0	2
1439.0	0	1	0	0
1440.0	0	0	0	1
1441.0	0	1	0	1
1442.0	0	1	0	1
1443.0	0	1	0	1
1444.0	0	1	0	1
1446.0	0	0	0	1
1447.0	0	1	0	1
1448.0	0	1	0	0
1449.0	0	0	0	1
1450.0	0	0	0	1
1451.0	0	1	0	1
1452.0	0	2	0	1
1453.0	0	1	0	0
1454.0	0	0	0	1
1455.0	0	1	0	0
1456.0	0	0	0	1
1457.0	0	2	0	1
1460.0	0	0	0	2
1461.0	0	1	0	0
1462.0	0	1	0	1
1463.0	0	1	0	0
1465.0	0	2	0	0
1467.0	0	1	0	0
1469.0	0	1	0	1
1470.0	0	0	0	1
1471.0	0	1	0	0
1474.0	0	1	0	0
1475.0	0	0	0	1
1479.0	0	0	0	1
1480.0	0	0	0	1
1481.0	0	1	0	0
1484.0	0	1	0	0
1489.0	0	1	0	0
1490.0	0	0	0	2
1492.0	0	1	0	0
1494.0	0	0	0	1
1500.0	0	1	0	0
1501.0	0	0	0	1
1505.0	0	1	0	0
1506.0	0	1	0	1
1511.0	0	0	0	1
1512.0	0	1	0	1
1513.0	0	1	0	1
1515.0	0	0	0	1
1517.0	0	1	0	0
1518.0	0	2	0	1
1520.0	0	0	0	1
1523.0	0	1	0	1
1525.0	0	1	0	2
1529.0	0	2	0	0
1532.0	0	1	0	0
1535.0	0	0	0	1
1541.0	0	0	0	1
1542.0	0	0	0	1
1543.0	0	1	0	1
1545.0	0	0	0	1
1547.0	0	1	0	0
1548.0	0	1	0	0
1550.0	0	1	0	0
1551.0	0	1	0	0
1554.0	0	0	0	1
1556.0	0	0	0	1
1557.0	0	0	0	1
1558.0	0	0	0	1
1560.0	0	1	0	0
1561.0	0	0	0	1
1562.0	0	2	0	4
1564.0	0	0	0	1
1567.0	0	2	0	0
1568.0	0	3	0	0
1569.0	0	1	0	0
1570.0	0	0	0	1
1571.0	0	1	0	0
1575.0	0	1	0	0
1583.0	0	0	0	2
1584.0	0	0	0	1
1586.0	0	1	0	1
1588.0	0	0	0	1
1594.0	0	1	0	0
1595.0	0	2	0	0
1596.0	0	1	0	1
1605.0	0	1	0	0
1607.0	0	0	0	1
1608.0	0	0	0	1
1611.0	0	0	0	1
1613.0	0	1	0	0
1614.0	0	1	0	0
1616.0	0	0	0	2
1618.0	0	0	0	1
1620.0	0	1	0	0
1623.0	0	1	0	0
1626.0	0	0	0	1
1627.0	0	2	0	0
1632.0	0	0	0	1
1634.0	0	1	0	0
1635.0	0	0	0	1
1637.0	0	1	0	0
1638.0	0	1	0	0
1642.0	0	0	0	1
1647.0	0	0	0	1
1651.0	0	1	0	0
1652.0	0	1	0	0
1654.0	0	0	0	1
1658.0	0	1	0	0
1661.0	0	0	0	1
1663.0	0	1	0	0
1664.0	0	0	0	1
1665.0	0	0	0	1
1667.0	0	0	0	1
1669.0	0	1	0	0
1670.0	0	1	0	1
1671.0	0	1	0	0
1673.0	0	0	0	1
1675.0	0	1	0	1
1677.0	0	0	0	1
1678.0	0	2	0	0
1685.0	0	1	0	0
1699.0	0	0	0	1
1702.0	0	1	0	0
1705.0	0	0	0	1
1715.0	0	1	0	0
1716.0	0	0	0	1
1718.0	0	0	0	1
1719.0	0	0	0	3
1720.0	0	0	0	2
1722.0	0	1	0	0
1723.0	0	1	0	0
1724.0	0	1	0	0
1725.0	0	1	0	0
1726.0	0	2	0	1
1727.0	0	0	0	1
1730.0	0	1	0	1
1732.0	0	1	0	1
1734.0	0	1	0	0
1735.0	0	1	0	1
1737.0	0	1	0	2
1738.0	0	1	0	0
1740.0	0	0	0	1
1741.0	0	1	0	0
1745.0	0	1	0	0
1747.0	0	0	0	1
1749.0	0	1	0	0
1751.0	0	0	0	1
1754.0	0	1	0	0
1756.0	0	1	0	1
1759.0	0	0	0	1
1762.0	0	1	0	1
1763.0	0	1	0	0
1768.0	0	0	0	1
1770.0	0	1	0	0
1771.0	0	0	0	1
1775.0	0	1	0	0
1777.0	0	1	0	0
1784.0	0	0	0	1
1787.0	0	1	0	0
1794.0	0	0	0	1
1795.0	0	1	0	0
1801.0	0	0	0	1
1802.0	0	0	0	1
1805.0	0	0	0	1
1807.0	0	1	0	0
1808.0	0	1	0	0
1810.0	0	0	0	1
1812.0	0	1	0	0
1815.0	0	0	0	1
1816.0	0	0	0	2
1818.0	0	2	0	1
1821.0	0	1	0	0
1823.0	0	0	0	1
1824.0	0	0	0	1
1825.0	0	2	0	0
1826.0	0	1	0	0
1830.0	0	0	0	1
1832.0	0	0	0	1
1835.0	0	1	0	0
1838.0	0	1	0	0
1841.0	0	0	0	1
1845.0	0	1	0	0
1847.0	0	1	0	1
1853.0	0	0	0	1
1856.0	0	1	0	1
1862.0	0	2	0	0
1879.0	0	0	0	1
1882.0	0	0	0	1
1889.0	0	1	0	0
1896.0	0	1	0	1
1905.0	0	1	0	0
1913.0	0	0	0	1
1915.0	0	0	0	1
1917.0	0	0	0	1
1920.0	0	2	0	1
1924.0	0	1	0	0
1925.0	0	1	0	0
1938.0	0	0	0	1
1951.0	0	1	0	0
1952.0	0	0	0	1
1956.0	0	1	0	0
1958.0	0	0	0	1
1962.0	0	1	0	0
1965.0	0	0	0	1
1968.0	0	0	0	1
1972.0	0	1	0	0
1973.0	0	1	0	0
1981.0	0	0	0	1
1985.0	0	0	0	1
1986.0	0	1	0	1
1991.0	0	1	0	1
1996.0	0	1	0	0
1998.0	0	1	0	0
2011.0	0	0	0	1
2014.0	0	0	0	1
2016.0	0	1	0	0
2020.0	0	0	0	1
2026.0	0	1	0	0
2028.0	0	0	0	1
2031.0	0	1	0	1
2034.0	0	1	0	0
2038.0	0	0	0	1
2042.0	0	0	0	1
2044.0	0	1	0	0
2045.0	0	1	0	0
2051.0	0	1	0	0
2060.0	0	0	0	2
2065.0	0	0	0	1
2067.0	0	0	0	1
2071.0	0	1	0	0
2072.0	0	1	0	0
2074.0	0	1	0	1
2075.0	0	1	0	0
2080.0	0	1	0	0
2095.0	0	0	0	1
2098.0	0	1	0	0
2102.0	0	0	0	1
2110.0	0	0	0	1
2113.0	0	1	0	0
2118.0	0	0	0	1
2119.0	0	1	0	0
2122.0	0	1	0	0
2129.0	0	0	0	1
2136.0	0	0	0	1
2137.0	0	0	0	1
2138.0	0	1	0	1
2140.0	0	1	0	0
2146.0	0	1	0	0
2150.0	0	1	0	0
2157.0	0	0	0	1
2161.0	0	0	0	1
2164.0	0	1	0	0
2167.0	0	1	0	0
2168.0	0	0	0	1
2176.0	0	0	0	1
2179.0	0	1	0	0
2183.0	0	1	0	0
2203.0	0	0	0	1
2209.0	0	0	0	1
2215.0	0	1	0	0
2217.0	0	1	0	0
2225.0	0	0	0	1
2230.0	0	1	0	0
2265.0	0	0	0	1
2276.0	0	1	0	0
2290.0	0	0	0	1
2299.0	0	1	0	0
2306.0	0	0	0	1
2314.0	0	1	0	0
2335.0	0	0	0	1
2337.0	0	0	0	1
2345.0	0	1	0	0
2348.0	0	0	0	2
2349.0	0	1	0	1
2355.0	0	1	0	0
2359.0	0	1	0	1
2360.0	0	1	0	2
2365.0	0	1	0	0
2366.0	0	1	0	1
2369.0	0	1	0	0
2377.0	0	1	0	0
2399.0	0	0	0	1
2404.0	0	1	0	0
2423.0	0	0	0	1
2428.0	0	0	0	1
2433.0	0	1	0	0
2436.0	0	1	0	0
2467.0	0	0	0	1
2474.0	0	0	0	1
2480.0	0	1	0	0
2481.0	0	0	0	1
2482.0	0	0	0	1
2485.0	0	0	0	1
2487.0	0	1	0	0
2490.0	0	1	0	0
2491.0	0	1	0	0
2492.0	0	1	0	0
2497.0	0	0	0	1
2508.0	0	1	0	0
2511.0	0	0	0	1
2521.0	0	1	0	0
2528.0	0	0	0	1
2539.0	0	1	0	0
2547.0	0	0	0	1
2557.0	0	1	0	0
2565.0	0	0	0	1
2571.0	0	0	0	1
2574.0	0	1	0	0
2586.0	0	1	0	0
2587.0	0	0	0	1
2591.0	0	1	0	0
2597.0	0	0	0	1
2601.0	0	0	0	1
2607.0	0	0	0	1
2608.0	0	1	0	0
2616.0	0	1	0	0
2620.0	0	0	0	1
2621.0	0	1	0	0
2631.0	0	1	0	0
2667.0	0	0	0	1
2683.0	0	1	0	0
2687.0	0	0	0	1
2696.0	0	1	0	0
2707.0	0	0	0	1
2715.0	0	1	0	0
2776.0	0	0	0	1
2779.0	0	0	0	1
2781.0	0	1	0	0
2786.0	0	0	0	1
2791.0	0	1	0	0
2793.0	0	1	0	0
2807.0	0	0	0	1
2813.0	0	1	0	0
2846.0	0	0	0	1
2858.0	0	1	0	0
2877.0	0	0	0	1
2880.0	0	0	0	1
2886.0	0	1	0	0
2898.0	0	0	0	1
2899.0	0	1	0	0
2911.0	0	1	0	0
3000.0	0	0	0	1
3011.0	0	1	0	0
3151.0	0	0	0	1
3162.0	0	0	0	1
3165.0	0	1	0	0
3174.0	0	1	0	0
3175.0	0	0	0	1
3184.0	0	0	0	1
3186.0	0	1	0	0
3201.0	0	0	0	1
3202.0	0	1	0	0
3206.0	0	0	0	1
3211.0	0	1	0	0
3218.0	0	1	0	0
3222.0	0	0	0	1
3224.0	0	0	0	1
3226.0	0	1	0	0
3237.0	0	1	0	0
3250.0	0	0	0	1
3270.0	0	1	0	1
3297.0	0	1	0	0
3327.0	0	0	0	1
3337.0	0	0	0	1
3343.0	0	1	0	0
3351.0	0	1	0	0
3420.0	0	0	0	1
3429.0	0	0	0	1
3430.0	0	1	0	0
3437.0	0	1	0	0
3534.0	0	0	0	1
3540.0	0	0	0	1
3557.0	0	1	0	0
3558.0	0	1	0	0
3559.0	0	0	0	1
3575.0	0	1	0	2
3590.0	0	1	0	0
3594.0	0	1	0	0
3636.0	0	0	0	1
3658.0	0	1	0	0
3731.0	0	0	0	1
3746.0	0	1	0	0
3759.0	0	0	0	1
3766.0	0	1	0	0
3800.0	0	0	0	1
3814.0	0	1	0	0
3846.0	0	0	0	1
3859.0	0	1	0	0
3864.0	0	0	0	1
3881.0	0	1	0	0
3976.0	0	0	0	1
3987.0	0	1	0	0
4059.0	0	0	0	1
4078.0	0	1	0	0
4101.0	0	0	0	1
4119.0	0	1	0	0
4246.0	0	0	0	1
4265.0	0	1	0	0
4281.0	0	0	0	1
4294.0	0	1	0	0
4395.0	0	0	0	1
4398.0	0	0	0	1
4407.0	0	1	0	0
4414.0	0	1	0	0
4490.0	0	0	0	1
4505.0	0	1	0	0
4634.0	0	0	0	1
4665.0	0	1	0	0
4670.0	0	0	0	1
4683.0	0	1	0	0
4688.0	0	0	0	1
4705.0	0	1	0	0
4784.0	0	0	0	1
4810.0	0	1	0	0
5046.0	0	0	0	1
5057.0	0	1	0	0
5177.0	0	0	0	1
5198.0	0	1	0	0
6191.0	0	0	0	1
6232.0	0	1	0	0
6456.0	0	0	0	1
6493.0	0	1	0	0

