## htsjdk.samtools.metrics.StringHeader
# MarkDuplicates INPUT=[/scratch/eknodel/TESLA/RNAseq/sorted_bam/TESLA_19_RNA_HISAT2_genome_aligned_sortedbycoord.bam] OUTPUT=/scratch/eknodel/TESLA/RNAseq/sorted_bam/TESLA_19_RNA_HISAT2_genome_aligned_sortedbycoord_mkdup.bam METRICS_FILE=TESLA_19.picard_mkdup_metrics.txt    MAX_SEQUENCES_FOR_DISK_READ_ENDS_MAP=50000 MAX_FILE_HANDLES_FOR_READ_ENDS_MAP=8000 SORTING_COLLECTION_SIZE_RATIO=0.25 TAG_DUPLICATE_SET_MEMBERS=false REMOVE_SEQUENCING_DUPLICATES=false TAGGING_POLICY=DontTag CLEAR_DT=true DUPLEX_UMI=false ADD_PG_TAG_TO_READS=true REMOVE_DUPLICATES=false ASSUME_SORTED=false DUPLICATE_SCORING_STRATEGY=SUM_OF_BASE_QUALITIES PROGRAM_RECORD_ID=MarkDuplicates PROGRAM_GROUP_NAME=MarkDuplicates READ_NAME_REGEX=<optimized capture of last three ':' separated fields as numeric values> OPTICAL_DUPLICATE_PIXEL_DISTANCE=100 MAX_OPTICAL_DUPLICATE_SET_SIZE=300000 VERBOSITY=INFO QUIET=false VALIDATION_STRINGENCY=STRICT COMPRESSION_LEVEL=5 MAX_RECORDS_IN_RAM=500000 CREATE_INDEX=false CREATE_MD5_FILE=false GA4GH_CLIENT_SECRETS=client_secrets.json USE_JDK_DEFLATER=false USE_JDK_INFLATER=false
## htsjdk.samtools.metrics.StringHeader
# Started on: Thu Mar 16 20:12:51 MST 2023

## METRICS CLASS	picard.sam.DuplicationMetrics
LIBRARY	UNPAIRED_READS_EXAMINED	READ_PAIRS_EXAMINED	SECONDARY_OR_SUPPLEMENTARY_RDS	UNMAPPED_READS	UNPAIRED_READ_DUPLICATES	READ_PAIR_DUPLICATES	READ_PAIR_OPTICAL_DUPLICATES	PERCENT_DUPLICATION	ESTIMATED_LIBRARY_SIZE
Unknown Library	5829092	110340623	72819795	0	4291209	41206238	303948	0.38278	108455394

## HISTOGRAM	java.lang.Double
BIN	VALUE	all_sets	optical_sets	non_optical_sets
1.0	1.001592	56319895	0	56452482
2.0	1.363707	8862552	254339	8793998
3.0	1.494626	2020168	10702	1980490
4.0	1.541959	671680	1989	657147
5.0	1.559072	321129	810	316351
6.0	1.565259	191392	457	189482
7.0	1.567495	129078	304	128273
8.0	1.568304	92879	241	92369
9.0	1.568596	70231	122	69902
10.0	1.568702	54678	120	54425
11.0	1.56874	44084	84	43912
12.0	1.568754	35966	74	35871
13.0	1.568759	29904	55	29811
14.0	1.568761	24988	33	24896
15.0	1.568762	21407	28	21297
16.0	1.568762	18150	36	18118
17.0	1.568762	15883	28	15804
18.0	1.568762	13918	30	13921
19.0	1.568762	12283	18	12207
20.0	1.568762	10959	19	10926
21.0	1.568762	9621	11	9607
22.0	1.568762	8736	12	8690
23.0	1.568762	7923	14	7922
24.0	1.568762	7088	8	7080
25.0	1.568762	6458	7	6417
26.0	1.568762	6003	10	5982
27.0	1.568762	5508	8	5488
28.0	1.568762	5011	3	4987
29.0	1.568762	4689	8	4690
30.0	1.568762	4352	6	4384
31.0	1.568762	4130	2	4105
32.0	1.568762	3745	4	3717
33.0	1.568762	3579	4	3543
34.0	1.568762	3199	6	3226
35.0	1.568762	2947	6	2910
36.0	1.568762	2795	3	2785
37.0	1.568762	2743	1	2762
38.0	1.568762	2495	0	2462
39.0	1.568762	2297	4	2312
40.0	1.568762	2213	2	2197
41.0	1.568762	2124	2	2127
42.0	1.568762	1944	0	1920
43.0	1.568762	1862	1	1856
44.0	1.568762	1723	3	1754
45.0	1.568762	1607	1	1559
46.0	1.568762	1592	1	1588
47.0	1.568762	1490	1	1503
48.0	1.568762	1486	1	1461
49.0	1.568762	1396	1	1417
50.0	1.568762	1371	1	1377
51.0	1.568762	1295	0	1280
52.0	1.568762	1262	2	1262
53.0	1.568762	1109	1	1111
54.0	1.568762	1117	2	1093
55.0	1.568762	1070	2	1068
56.0	1.568762	1055	0	1064
57.0	1.568762	994	0	997
58.0	1.568762	946	1	936
59.0	1.568762	871	0	862
60.0	1.568762	854	0	859
61.0	1.568762	876	2	870
62.0	1.568762	819	1	797
63.0	1.568762	802	1	821
64.0	1.568762	703	0	696
65.0	1.568762	726	0	745
66.0	1.568762	763	1	740
67.0	1.568762	673	1	659
68.0	1.568762	660	1	673
69.0	1.568762	624	0	643
70.0	1.568762	576	2	549
71.0	1.568762	604	0	623
72.0	1.568762	612	2	613
73.0	1.568762	565	0	543
74.0	1.568762	522	1	530
75.0	1.568762	555	1	535
76.0	1.568762	521	0	562
77.0	1.568762	562	0	529
78.0	1.568762	499	0	512
79.0	1.568762	495	0	493
80.0	1.568762	469	0	458
81.0	1.568762	464	0	471
82.0	1.568762	477	0	477
83.0	1.568762	415	0	406
84.0	1.568762	407	2	418
85.0	1.568762	430	0	408
86.0	1.568762	379	0	399
87.0	1.568762	401	0	371
88.0	1.568762	346	0	364
89.0	1.568762	397	0	413
90.0	1.568762	374	0	372
91.0	1.568762	367	1	348
92.0	1.568762	352	0	341
93.0	1.568762	350	0	355
94.0	1.568762	315	1	325
95.0	1.568762	336	0	339
96.0	1.568762	338	0	320
97.0	1.568762	333	0	325
98.0	1.568762	318	1	330
99.0	1.568762	294	0	302
100.0	1.568762	293	0	281
101.0	0	304	0	300
102.0	0	268	0	287
103.0	0	285	0	266
104.0	0	270	0	261
105.0	0	231	0	243
106.0	0	244	1	241
107.0	0	267	0	283
108.0	0	276	0	264
109.0	0	273	0	280
110.0	0	234	0	230
111.0	0	252	0	253
112.0	0	234	0	250
113.0	0	237	0	219
114.0	0	229	0	223
115.0	0	239	0	240
116.0	0	222	0	225
117.0	0	205	0	206
118.0	0	220	0	211
119.0	0	203	0	199
120.0	0	197	0	196
121.0	0	200	0	205
122.0	0	177	0	176
123.0	0	192	0	185
124.0	0	188	0	191
125.0	0	178	0	194
126.0	0	176	0	176
127.0	0	185	0	176
128.0	0	181	0	178
129.0	0	188	0	190
130.0	0	171	0	183
131.0	0	209	0	185
132.0	0	168	0	174
133.0	0	146	0	146
134.0	0	160	0	162
135.0	0	157	0	168
136.0	0	147	0	141
137.0	0	162	0	159
138.0	0	157	0	151
139.0	0	155	0	160
140.0	0	164	0	155
141.0	0	142	0	152
142.0	0	137	0	133
143.0	0	146	0	151
144.0	0	158	0	156
145.0	0	144	0	143
146.0	0	151	0	158
147.0	0	137	1	128
148.0	0	143	0	148
149.0	0	162	0	162
150.0	0	144	0	136
151.0	0	130	0	130
152.0	0	138	0	133
153.0	0	119	0	121
154.0	0	128	0	128
155.0	0	121	1	128
156.0	0	113	0	109
157.0	0	116	0	104
158.0	0	122	0	122
159.0	0	104	0	103
160.0	0	103	0	119
161.0	0	118	0	111
162.0	0	116	0	117
163.0	0	109	0	105
164.0	0	107	0	121
165.0	0	105	0	90
166.0	0	113	0	107
167.0	0	111	0	116
168.0	0	108	0	112
169.0	0	102	0	93
170.0	0	100	0	104
171.0	0	78	0	85
172.0	0	107	0	98
173.0	0	104	0	112
174.0	0	96	0	101
175.0	0	97	0	87
176.0	0	97	0	97
177.0	0	84	0	97
178.0	0	98	0	92
179.0	0	101	0	94
180.0	0	101	0	99
181.0	0	97	0	98
182.0	0	64	0	64
183.0	0	96	0	99
184.0	0	85	0	90
185.0	0	95	0	92
186.0	0	98	0	86
187.0	0	73	0	87
188.0	0	93	0	83
189.0	0	99	0	105
190.0	0	82	0	75
191.0	0	87	0	85
192.0	0	82	0	100
193.0	0	97	0	90
194.0	0	89	0	81
195.0	0	76	0	72
196.0	0	78	0	90
197.0	0	72	0	72
198.0	0	84	0	73
199.0	0	72	0	79
200.0	0	79	0	87
201.0	0	82	0	75
202.0	0	68	0	64
203.0	0	72	0	82
204.0	0	77	0	76
205.0	0	70	0	63
206.0	0	74	0	69
207.0	0	64	0	73
208.0	0	68	0	70
209.0	0	76	0	73
210.0	0	70	0	62
211.0	0	77	0	78
212.0	0	69	0	67
213.0	0	60	0	63
214.0	0	77	0	81
215.0	0	69	0	71
216.0	0	68	0	56
217.0	0	53	0	61
218.0	0	73	0	73
219.0	0	63	0	62
220.0	0	62	0	56
221.0	0	56	0	55
222.0	0	57	0	60
223.0	0	72	0	76
224.0	0	68	0	62
225.0	0	59	0	62
226.0	0	58	0	61
227.0	0	59	0	53
228.0	0	49	0	61
229.0	0	73	0	67
230.0	0	63	0	64
231.0	0	55	0	48
232.0	0	65	0	67
233.0	0	61	0	64
234.0	0	50	0	61
235.0	0	52	0	52
236.0	0	63	0	50
237.0	0	68	0	68
238.0	0	72	0	66
239.0	0	51	0	48
240.0	0	44	0	55
241.0	0	52	0	43
242.0	0	47	0	58
243.0	0	66	0	61
244.0	0	55	0	56
245.0	0	57	0	52
246.0	0	53	0	59
247.0	0	55	0	54
248.0	0	58	0	46
249.0	0	37	0	53
250.0	0	52	0	50
251.0	0	65	0	69
252.0	0	64	0	64
253.0	0	48	0	42
254.0	0	39	0	39
255.0	0	51	0	49
256.0	0	48	0	50
257.0	0	49	0	47
258.0	0	59	0	60
259.0	0	49	0	49
260.0	0	41	0	41
261.0	0	56	0	63
262.0	0	50	0	57
263.0	0	53	0	48
264.0	0	46	0	35
265.0	0	39	0	44
266.0	0	48	0	43
267.0	0	34	0	49
268.0	0	72	0	50
269.0	0	40	0	40
270.0	0	39	0	45
271.0	0	46	0	59
272.0	0	53	0	46
273.0	0	50	0	44
274.0	0	36	0	31
275.0	0	33	0	35
276.0	0	40	0	46
277.0	0	45	0	44
278.0	0	40	0	40
279.0	0	48	0	48
280.0	0	36	0	37
281.0	0	45	0	45
282.0	0	44	0	42
283.0	0	35	0	39
284.0	0	34	0	35
285.0	0	43	0	46
286.0	0	42	0	47
287.0	0	38	0	36
288.0	0	36	0	38
289.0	0	45	0	36
290.0	0	38	0	31
291.0	0	39	0	48
292.0	0	38	0	31
293.0	0	36	0	38
294.0	0	35	0	41
295.0	0	49	0	43
296.0	0	35	0	42
297.0	0	42	0	30
298.0	0	30	0	26
299.0	0	32	0	44
300.0	0	47	0	44
301.0	0	37	0	34
302.0	0	32	0	42
303.0	0	32	0	20
304.0	0	34	0	34
305.0	0	37	0	39
306.0	0	34	0	34
307.0	0	30	0	34
308.0	0	33	0	26
309.0	0	39	0	38
310.0	0	38	0	42
311.0	0	27	0	30
312.0	0	37	0	40
313.0	0	31	0	26
314.0	0	36	0	27
315.0	0	28	0	31
316.0	0	25	0	23
317.0	0	29	0	36
318.0	0	30	0	25
319.0	0	27	0	30
320.0	0	35	0	38
321.0	0	28	0	32
322.0	0	36	0	28
323.0	0	26	0	28
324.0	0	28	0	25
325.0	0	27	0	31
326.0	0	33	0	35
327.0	0	28	0	23
328.0	0	36	0	40
329.0	0	29	0	32
330.0	0	37	0	29
331.0	0	29	0	22
332.0	0	17	0	25
333.0	0	21	0	30
334.0	0	29	0	26
335.0	0	32	0	27
336.0	0	25	0	26
337.0	0	33	0	23
338.0	0	23	0	29
339.0	0	30	0	32
340.0	0	31	0	34
341.0	0	27	0	37
342.0	0	29	0	30
343.0	0	35	0	30
344.0	0	31	0	22
345.0	0	26	0	26
346.0	0	26	0	24
347.0	0	34	0	44
348.0	0	31	0	32
349.0	0	34	0	32
350.0	0	25	0	21
351.0	0	28	0	28
352.0	0	23	0	28
353.0	0	29	0	24
354.0	0	28	0	27
355.0	0	27	0	23
356.0	0	28	0	33
357.0	0	28	0	23
358.0	0	21	0	25
359.0	0	21	0	22
360.0	0	28	0	30
361.0	0	23	0	22
362.0	0	21	0	23
363.0	0	19	0	20
364.0	0	20	0	25
365.0	0	35	0	29
366.0	0	21	0	20
367.0	0	26	0	20
368.0	0	30	0	26
369.0	0	22	0	23
370.0	0	22	0	27
371.0	0	36	0	33
372.0	0	19	0	24
373.0	0	21	0	23
374.0	0	22	0	32
375.0	0	28	0	22
376.0	0	30	0	18
377.0	0	29	0	24
378.0	0	20	0	33
379.0	0	29	0	23
380.0	0	26	0	19
381.0	0	19	0	24
382.0	0	17	0	14
383.0	0	13	0	15
384.0	0	21	0	22
385.0	0	21	0	17
386.0	0	17	0	24
387.0	0	21	0	25
388.0	0	26	0	21
389.0	0	19	0	28
390.0	0	31	0	21
391.0	0	21	0	17
392.0	0	21	0	22
393.0	0	19	0	17
394.0	0	18	0	24
395.0	0	19	0	20
396.0	0	23	0	22
397.0	0	19	0	19
398.0	0	28	0	29
399.0	0	24	0	20
400.0	0	20	0	26
401.0	0	23	0	17
402.0	0	21	0	19
403.0	0	18	0	18
404.0	0	22	0	18
405.0	0	17	0	26
406.0	0	13	0	24
407.0	0	31	0	24
408.0	0	36	0	29
409.0	0	15	0	19
410.0	0	18	0	19
411.0	0	19	0	17
412.0	0	18	0	19
413.0	0	20	0	19
414.0	0	23	0	17
415.0	0	14	0	10
416.0	0	14	0	22
417.0	0	16	0	20
418.0	0	21	0	18
419.0	0	18	0	22
420.0	0	22	0	15
421.0	0	21	0	20
422.0	0	5	0	16
423.0	0	28	0	18
424.0	0	18	0	23
425.0	0	14	0	12
426.0	0	23	0	21
427.0	0	13	0	20
428.0	0	23	0	18
429.0	0	18	0	16
430.0	0	17	0	21
431.0	0	21	0	21
432.0	0	21	0	18
433.0	0	15	0	16
434.0	0	21	0	20
435.0	0	19	0	21
436.0	0	16	0	18
437.0	0	24	0	19
438.0	0	17	0	10
439.0	0	22	0	19
440.0	0	12	0	20
441.0	0	13	0	12
442.0	0	16	0	21
443.0	0	13	0	16
444.0	0	17	0	20
445.0	0	19	0	16
446.0	0	20	0	18
447.0	0	21	0	20
448.0	0	15	0	14
449.0	0	19	0	16
450.0	0	16	0	15
451.0	0	16	0	19
452.0	0	12	0	14
453.0	0	12	0	18
454.0	0	20	0	19
455.0	0	26	0	23
456.0	0	13	0	13
457.0	0	18	0	22
458.0	0	25	0	16
459.0	0	14	0	12
460.0	0	15	0	18
461.0	0	16	0	15
462.0	0	14	0	19
463.0	0	13	0	10
464.0	0	18	0	14
465.0	0	17	0	19
466.0	0	12	0	17
467.0	0	14	0	16
468.0	0	23	0	15
469.0	0	14	0	11
470.0	0	12	0	15
471.0	0	12	0	12
472.0	0	15	0	20
473.0	0	18	0	9
474.0	0	16	0	27
475.0	0	10	0	8
476.0	0	17	0	12
477.0	0	17	0	24
478.0	0	20	0	11
479.0	0	13	0	15
480.0	0	13	0	13
481.0	0	17	0	18
482.0	0	12	0	15
483.0	0	18	0	16
484.0	0	17	0	22
485.0	0	13	0	11
486.0	0	15	0	12
487.0	0	18	0	15
488.0	0	16	0	14
489.0	0	15	0	21
490.0	0	18	0	11
491.0	0	13	0	13
492.0	0	9	0	14
493.0	0	13	0	8
494.0	0	9	0	9
495.0	0	12	0	11
496.0	0	12	0	11
497.0	0	9	0	16
498.0	0	9	0	17
499.0	0	10	0	13
500.0	0	23	0	15
501.0	0	14	0	12
502.0	0	11	0	8
503.0	0	14	0	16
504.0	0	8	0	16
505.0	0	13	0	14
506.0	0	20	0	12
507.0	0	18	0	12
508.0	0	8	0	11
509.0	0	13	0	11
510.0	0	6	0	10
511.0	0	12	0	8
512.0	0	13	0	16
513.0	0	11	0	10
514.0	0	12	0	10
515.0	0	10	0	9
516.0	0	10	0	7
517.0	0	8	0	8
518.0	0	5	0	9
519.0	0	11	0	11
520.0	0	13	0	13
521.0	0	14	0	18
522.0	0	8	0	9
523.0	0	15	0	12
524.0	0	10	0	14
525.0	0	12	0	12
526.0	0	11	0	9
527.0	0	10	0	9
528.0	0	14	0	10
529.0	0	9	0	10
530.0	0	12	0	10
531.0	0	11	0	12
532.0	0	13	0	11
533.0	0	9	0	13
534.0	0	7	0	10
535.0	0	12	0	17
536.0	0	13	0	17
537.0	0	18	0	17
538.0	0	15	0	10
539.0	0	15	0	5
540.0	0	10	0	12
541.0	0	10	0	10
542.0	0	6	0	6
543.0	0	11	0	18
544.0	0	11	0	9
545.0	0	10	0	14
546.0	0	16	0	9
547.0	0	6	0	7
548.0	0	13	0	12
549.0	0	14	0	11
550.0	0	11	0	11
551.0	0	9	0	13
552.0	0	16	0	15
553.0	0	11	0	12
554.0	0	10	0	9
555.0	0	10	0	7
556.0	0	9	0	7
557.0	0	8	0	11
558.0	0	10	0	9
559.0	0	10	0	14
560.0	0	10	0	9
561.0	0	12	0	12
562.0	0	8	0	8
563.0	0	13	0	11
564.0	0	8	0	14
565.0	0	17	0	14
566.0	0	6	0	6
567.0	0	13	0	10
568.0	0	6	0	15
569.0	0	11	0	20
570.0	0	20	0	11
571.0	0	9	0	6
572.0	0	18	0	11
573.0	0	9	0	11
574.0	0	6	0	10
575.0	0	9	0	7
576.0	0	13	0	10
577.0	0	13	0	9
578.0	0	10	0	14
579.0	0	7	0	15
580.0	0	9	0	12
581.0	0	10	0	4
582.0	0	15	0	15
583.0	0	10	0	12
584.0	0	9	0	9
585.0	0	11	0	12
586.0	0	15	0	8
587.0	0	8	0	8
588.0	0	7	0	12
589.0	0	8	0	14
590.0	0	11	0	8
591.0	0	9	0	8
592.0	0	11	0	12
593.0	0	14	0	10
594.0	0	8	0	13
595.0	0	14	0	15
596.0	0	10	0	8
597.0	0	13	0	10
598.0	0	10	0	11
599.0	0	17	0	8
600.0	0	6	0	8
601.0	0	7	0	9
602.0	0	14	0	14
603.0	0	8	0	14
604.0	0	7	0	5
605.0	0	13	0	11
606.0	0	8	0	9
607.0	0	17	0	9
608.0	0	7	0	8
609.0	0	7	0	11
610.0	0	7	0	12
611.0	0	9	0	13
612.0	0	17	0	13
613.0	0	3	0	5
614.0	0	12	0	2
615.0	0	10	0	2
616.0	0	6	0	12
617.0	0	7	0	11
618.0	0	10	0	10
619.0	0	13	0	11
620.0	0	12	0	9
621.0	0	7	0	10
622.0	0	5	0	7
623.0	0	4	0	14
624.0	0	11	0	6
625.0	0	13	0	10
626.0	0	9	0	9
627.0	0	3	0	8
628.0	0	11	0	14
629.0	0	11	0	5
630.0	0	7	0	5
631.0	0	9	0	5
632.0	0	4	0	6
633.0	0	9	0	6
634.0	0	6	0	12
635.0	0	8	0	6
636.0	0	11	0	12
637.0	0	5	0	9
638.0	0	11	0	10
639.0	0	11	0	9
640.0	0	12	0	9
641.0	0	6	0	9
642.0	0	11	0	3
643.0	0	7	0	8
644.0	0	7	0	5
645.0	0	6	0	7
646.0	0	6	0	6
647.0	0	6	0	8
648.0	0	6	0	10
649.0	0	8	0	7
650.0	0	7	0	5
651.0	0	4	0	9
652.0	0	7	0	6
653.0	0	8	0	7
654.0	0	8	0	10
655.0	0	9	0	7
656.0	0	11	0	9
657.0	0	9	0	7
658.0	0	9	0	11
659.0	0	8	0	8
660.0	0	6	0	2
661.0	0	6	0	5
662.0	0	5	0	7
663.0	0	7	0	7
664.0	0	4	0	7
665.0	0	4	0	2
666.0	0	6	0	15
667.0	0	11	0	9
668.0	0	5	0	2
669.0	0	7	0	8
670.0	0	10	0	10
671.0	0	11	0	13
672.0	0	6	0	4
673.0	0	10	0	5
674.0	0	8	0	5
675.0	0	9	0	9
676.0	0	5	0	11
677.0	0	7	0	6
678.0	0	8	0	6
679.0	0	5	0	8
680.0	0	9	0	8
681.0	0	7	0	9
682.0	0	6	0	5
683.0	0	8	0	8
684.0	0	6	0	8
685.0	0	10	0	10
686.0	0	6	0	11
687.0	0	9	0	8
688.0	0	7	0	7
689.0	0	5	0	10
690.0	0	15	0	10
691.0	0	7	0	11
692.0	0	14	0	11
693.0	0	13	0	5
694.0	0	9	0	6
695.0	0	6	0	5
696.0	0	4	0	8
697.0	0	3	0	12
698.0	0	8	0	6
699.0	0	13	0	10
700.0	0	8	0	4
701.0	0	5	0	8
702.0	0	11	0	9
703.0	0	3	0	3
704.0	0	6	0	9
705.0	0	8	0	3
706.0	0	6	0	2
707.0	0	5	0	8
708.0	0	4	0	4
709.0	0	4	0	8
710.0	0	6	0	1
711.0	0	5	0	5
712.0	0	4	0	9
713.0	0	4	0	5
714.0	0	9	0	2
715.0	0	6	0	10
716.0	0	6	0	9
717.0	0	9	0	10
718.0	0	6	0	8
719.0	0	10	0	7
720.0	0	4	0	7
721.0	0	11	0	3
722.0	0	7	0	8
723.0	0	4	0	6
724.0	0	2	0	5
725.0	0	4	0	9
726.0	0	11	0	11
727.0	0	12	0	4
728.0	0	8	0	3
729.0	0	3	0	7
730.0	0	4	0	6
731.0	0	6	0	7
732.0	0	9	0	10
733.0	0	9	0	7
734.0	0	9	0	5
735.0	0	4	0	7
736.0	0	10	0	10
737.0	0	4	0	7
738.0	0	6	0	7
739.0	0	9	0	2
740.0	0	6	0	6
741.0	0	5	0	8
742.0	0	4	0	6
743.0	0	5	0	6
744.0	0	6	0	4
745.0	0	9	0	8
746.0	0	4	0	8
747.0	0	8	0	9
748.0	0	15	0	10
749.0	0	5	0	6
750.0	0	5	0	3
751.0	0	8	0	7
752.0	0	5	0	7
753.0	0	10	0	3
754.0	0	1	0	5
755.0	0	5	0	8
756.0	0	5	0	8
757.0	0	6	0	7
758.0	0	9	0	7
759.0	0	8	0	9
760.0	0	3	0	6
761.0	0	9	0	6
762.0	0	5	0	7
763.0	0	10	0	9
764.0	0	10	0	5
765.0	0	3	0	3
766.0	0	7	0	4
767.0	0	5	0	9
768.0	0	6	0	5
769.0	0	3	0	4
770.0	0	7	0	8
771.0	0	8	0	6
772.0	0	8	0	4
773.0	0	5	0	4
774.0	0	1	0	2
775.0	0	7	0	5
776.0	0	6	0	5
777.0	0	4	0	10
778.0	0	6	0	7
779.0	0	6	0	10
780.0	0	10	0	8
781.0	0	5	0	11
782.0	0	12	0	11
783.0	0	5	0	6
784.0	0	10	0	7
785.0	0	12	0	9
786.0	0	2	0	4
787.0	0	5	0	6
788.0	0	10	0	4
789.0	0	8	0	4
790.0	0	3	0	7
791.0	0	4	0	5
792.0	0	8	0	7
793.0	0	7	0	7
794.0	0	6	0	7
795.0	0	7	0	4
796.0	0	3	0	5
797.0	0	4	0	6
798.0	0	7	0	7
799.0	0	9	0	3
800.0	0	7	0	7
801.0	0	4	0	5
802.0	0	4	0	4
803.0	0	5	0	9
804.0	0	9	0	13
805.0	0	9	0	4
806.0	0	4	0	3
807.0	0	5	0	11
808.0	0	4	0	1
809.0	0	7	0	7
810.0	0	3	0	3
811.0	0	6	0	2
812.0	0	2	0	3
813.0	0	9	0	5
814.0	0	3	0	4
815.0	0	5	0	7
816.0	0	5	0	5
817.0	0	4	0	3
818.0	0	4	0	8
819.0	0	5	0	6
820.0	0	4	0	6
821.0	0	8	0	4
822.0	0	5	0	4
823.0	0	2	0	5
824.0	0	8	0	7
825.0	0	6	0	4
826.0	0	5	0	4
827.0	0	3	0	7
828.0	0	4	0	6
829.0	0	6	0	7
830.0	0	6	0	10
831.0	0	8	0	4
832.0	0	4	0	5
833.0	0	8	0	3
834.0	0	7	0	10
835.0	0	4	0	3
836.0	0	7	0	5
837.0	0	7	0	10
838.0	0	6	0	4
839.0	0	4	0	2
840.0	0	6	0	7
841.0	0	3	0	4
842.0	0	5	0	5
843.0	0	3	0	5
844.0	0	6	0	2
845.0	0	5	0	6
846.0	0	3	0	8
847.0	0	13	0	6
848.0	0	6	0	5
849.0	0	4	0	6
850.0	0	6	0	9
851.0	0	4	0	7
852.0	0	7	0	5
853.0	0	6	0	2
854.0	0	4	0	3
855.0	0	5	0	1
856.0	0	5	0	5
857.0	0	4	0	4
858.0	0	4	0	7
859.0	0	4	0	3
860.0	0	4	0	9
861.0	0	4	0	1
862.0	0	5	0	7
863.0	0	8	0	8
864.0	0	6	0	3
865.0	0	2	0	2
866.0	0	5	0	7
867.0	0	6	0	6
868.0	0	7	0	9
869.0	0	9	0	9
870.0	0	4	0	3
871.0	0	7	0	5
872.0	0	8	0	6
873.0	0	3	0	5
874.0	0	6	0	6
875.0	0	2	0	2
876.0	0	6	0	5
877.0	0	4	0	2
878.0	0	1	0	5
879.0	0	6	0	2
880.0	0	2	0	6
881.0	0	5	0	2
882.0	0	3	0	2
883.0	0	2	0	5
884.0	0	5	0	3
885.0	0	2	0	5
886.0	0	6	0	4
887.0	0	4	0	2
888.0	0	3	0	5
889.0	0	3	0	2
890.0	0	3	0	2
891.0	0	4	0	4
892.0	0	4	0	3
893.0	0	6	0	6
894.0	0	4	0	1
895.0	0	0	0	2
896.0	0	3	0	1
897.0	0	2	0	3
898.0	0	3	0	7
899.0	0	4	0	2
900.0	0	1	0	1
901.0	0	2	0	4
902.0	0	6	0	4
903.0	0	1	0	7
904.0	0	4	0	5
905.0	0	5	0	2
906.0	0	4	0	4
907.0	0	3	0	3
908.0	0	3	0	4
909.0	0	5	0	4
910.0	0	4	0	4
911.0	0	4	0	1
912.0	0	1	0	1
913.0	0	3	0	6
914.0	0	5	0	4
915.0	0	3	0	7
916.0	0	5	0	7
917.0	0	7	0	4
918.0	0	5	0	4
919.0	0	4	0	2
920.0	0	4	0	4
921.0	0	6	0	7
922.0	0	3	0	2
923.0	0	5	0	3
924.0	0	5	0	4
925.0	0	4	0	6
926.0	0	2	0	3
927.0	0	4	0	4
928.0	0	3	0	6
929.0	0	4	0	3
930.0	0	4	0	5
931.0	0	6	0	3
932.0	0	5	0	4
933.0	0	5	0	7
934.0	0	4	0	2
935.0	0	4	0	4
936.0	0	1	0	4
937.0	0	4	0	5
938.0	0	2	0	4
939.0	0	3	0	4
940.0	0	5	0	4
941.0	0	5	0	6
942.0	0	4	0	6
943.0	0	2	0	2
944.0	0	8	0	6
945.0	0	6	0	5
946.0	0	9	0	5
947.0	0	6	0	5
948.0	0	6	0	2
949.0	0	3	0	5
950.0	0	3	0	4
951.0	0	1	0	2
952.0	0	2	0	2
953.0	0	5	0	1
954.0	0	1	0	4
955.0	0	2	0	6
956.0	0	4	0	6
957.0	0	3	0	3
958.0	0	4	0	5
959.0	0	5	0	6
960.0	0	7	0	6
961.0	0	6	0	6
962.0	0	7	0	3
963.0	0	2	0	4
964.0	0	6	0	0
965.0	0	5	0	1
966.0	0	4	0	3
967.0	0	0	0	3
968.0	0	1	0	3
969.0	0	3	0	1
970.0	0	4	0	2
971.0	0	3	0	5
972.0	0	2	0	3
973.0	0	1	0	6
974.0	0	6	0	4
975.0	0	1	0	3
976.0	0	5	0	2
977.0	0	5	0	1
978.0	0	2	0	0
979.0	0	0	0	2
980.0	0	2	0	3
981.0	0	1	0	4
982.0	0	4	0	4
983.0	0	1	0	8
984.0	0	7	0	1
985.0	0	3	0	2
986.0	0	1	0	1
987.0	0	3	0	5
988.0	0	3	0	5
989.0	0	4	0	2
990.0	0	4	0	4
991.0	0	4	0	1
992.0	0	1	0	3
993.0	0	2	0	2
994.0	0	3	0	3
995.0	0	6	0	3
996.0	0	4	0	7
997.0	0	1	0	4
998.0	0	1	0	5
999.0	0	9	0	5
1000.0	0	4	0	5
1001.0	0	3	0	2
1002.0	0	4	0	2
1003.0	0	5	0	6
1004.0	0	6	0	8
1005.0	0	4	0	1
1006.0	0	6	0	4
1007.0	0	1	0	3
1008.0	0	4	0	5
1009.0	0	2	0	1
1010.0	0	3	0	0
1011.0	0	7	0	6
1012.0	0	3	0	4
1013.0	0	2	0	1
1014.0	0	1	0	1
1015.0	0	1	0	3
1016.0	0	5	0	3
1017.0	0	4	0	3
1018.0	0	0	0	3
1019.0	0	3	0	4
1020.0	0	6	0	3
1021.0	0	2	0	0
1022.0	0	3	0	4
1023.0	0	1	0	2
1024.0	0	2	0	4
1025.0	0	2	0	7
1026.0	0	3	0	6
1027.0	0	4	0	4
1028.0	0	9	0	2
1029.0	0	2	0	1
1030.0	0	5	0	3
1031.0	0	2	0	4
1032.0	0	1	0	3
1033.0	0	5	0	1
1034.0	0	2	0	4
1035.0	0	4	0	2
1036.0	0	2	0	5
1037.0	0	3	0	6
1038.0	0	3	0	2
1039.0	0	4	0	2
1040.0	0	3	0	3
1041.0	0	5	0	4
1042.0	0	6	0	4
1043.0	0	2	0	2
1044.0	0	3	0	7
1045.0	0	1	0	5
1046.0	0	4	0	3
1047.0	0	6	0	2
1048.0	0	3	0	3
1049.0	0	3	0	2
1050.0	0	4	0	11
1051.0	0	5	0	5
1052.0	0	4	0	4
1053.0	0	4	0	3
1054.0	0	5	0	1
1055.0	0	7	0	1
1056.0	0	3	0	0
1057.0	0	0	0	5
1058.0	0	0	0	3
1059.0	0	2	0	2
1060.0	0	4	0	6
1061.0	0	3	0	3
1062.0	0	2	0	4
1063.0	0	6	0	2
1064.0	0	6	0	2
1065.0	0	3	0	4
1066.0	0	3	0	3
1067.0	0	2	0	6
1068.0	0	2	0	2
1069.0	0	1	0	4
1070.0	0	4	0	5
1071.0	0	6	0	2
1072.0	0	3	0	1
1073.0	0	5	0	5
1074.0	0	3	0	2
1075.0	0	1	0	4
1076.0	0	6	0	3
1077.0	0	1	0	4
1078.0	0	6	0	4
1079.0	0	5	0	0
1080.0	0	1	0	2
1081.0	0	3	0	2
1082.0	0	0	0	4
1083.0	0	3	0	3
1084.0	0	2	0	3
1085.0	0	1	0	3
1086.0	0	4	0	2
1087.0	0	1	0	2
1088.0	0	3	0	3
1089.0	0	1	0	5
1090.0	0	4	0	6
1091.0	0	6	0	4
1092.0	0	6	0	1
1093.0	0	5	0	3
1094.0	0	1	0	1
1095.0	0	2	0	2
1096.0	0	3	0	5
1097.0	0	5	0	5
1098.0	0	1	0	5
1099.0	0	4	0	4
1100.0	0	4	0	4
1101.0	0	3	0	5
1102.0	0	7	0	1
1103.0	0	5	0	1
1104.0	0	0	0	2
1105.0	0	3	0	4
1106.0	0	5	0	3
1107.0	0	2	0	2
1108.0	0	2	0	4
1109.0	0	3	0	2
1110.0	0	2	0	3
1111.0	0	2	0	1
1112.0	0	2	0	4
1113.0	0	2	0	4
1114.0	0	4	0	0
1115.0	0	1	0	1
1116.0	0	6	0	2
1117.0	0	1	0	3
1118.0	0	1	0	1
1119.0	0	3	0	2
1120.0	0	1	0	4
1121.0	0	1	0	3
1122.0	0	3	0	3
1123.0	0	3	0	2
1124.0	0	4	0	1
1125.0	0	1	0	1
1126.0	0	1	0	1
1127.0	0	2	0	3
1128.0	0	1	0	0
1129.0	0	3	0	0
1130.0	0	0	0	3
1131.0	0	1	0	5
1132.0	0	1	0	5
1133.0	0	2	0	4
1134.0	0	5	0	4
1135.0	0	5	0	3
1136.0	0	2	0	1
1137.0	0	5	0	1
1138.0	0	2	0	1
1139.0	0	0	0	1
1140.0	0	3	0	4
1141.0	0	1	0	2
1142.0	0	1	0	3
1143.0	0	4	0	2
1144.0	0	4	0	0
1145.0	0	3	0	4
1146.0	0	0	0	2
1147.0	0	2	0	2
1148.0	0	2	0	3
1149.0	0	5	0	2
1151.0	0	1	0	7
1152.0	0	3	0	2
1153.0	0	6	0	0
1154.0	0	2	0	2
1155.0	0	2	0	2
1156.0	0	0	0	3
1157.0	0	3	0	5
1158.0	0	1	0	3
1159.0	0	1	0	3
1160.0	0	4	0	1
1161.0	0	2	0	1
1162.0	0	3	0	6
1163.0	0	3	0	5
1164.0	0	3	0	5
1165.0	0	3	0	3
1166.0	0	5	0	1
1167.0	0	5	0	1
1168.0	0	1	0	3
1169.0	0	2	0	3
1170.0	0	3	0	3
1171.0	0	1	0	0
1172.0	0	6	0	4
1173.0	0	2	0	2
1174.0	0	2	0	0
1175.0	0	2	0	1
1176.0	0	3	0	1
1177.0	0	0	0	4
1178.0	0	2	0	2
1179.0	0	1	0	1
1180.0	0	1	0	2
1181.0	0	2	0	3
1182.0	0	3	0	2
1183.0	0	3	0	4
1184.0	0	3	0	3
1185.0	0	3	0	1
1186.0	0	1	0	2
1187.0	0	2	0	4
1188.0	0	2	0	5
1189.0	0	2	0	0
1190.0	0	4	0	1
1191.0	0	5	0	3
1192.0	0	5	0	2
1193.0	0	1	0	2
1194.0	0	0	0	1
1195.0	0	1	0	1
1196.0	0	3	0	3
1197.0	0	3	0	2
1198.0	0	2	0	3
1199.0	0	1	0	1
1200.0	0	2	0	5
1201.0	0	2	0	5
1202.0	0	2	0	1
1203.0	0	2	0	2
1204.0	0	4	0	5
1205.0	0	4	0	0
1206.0	0	1	0	3
1207.0	0	3	0	3
1208.0	0	2	0	4
1209.0	0	2	0	0
1210.0	0	1	0	3
1211.0	0	5	0	2
1212.0	0	4	0	0
1213.0	0	2	0	3
1214.0	0	3	0	2
1215.0	0	2	0	2
1216.0	0	2	0	2
1217.0	0	3	0	2
1218.0	0	0	0	4
1219.0	0	0	0	1
1220.0	0	2	0	2
1221.0	0	2	0	2
1222.0	0	2	0	1
1223.0	0	1	0	1
1224.0	0	3	0	3
1225.0	0	1	0	1
1226.0	0	1	0	1
1227.0	0	2	0	2
1228.0	0	1	0	2
1229.0	0	5	0	3
1230.0	0	1	0	1
1231.0	0	2	0	2
1232.0	0	4	0	2
1233.0	0	1	0	0
1234.0	0	1	0	3
1235.0	0	3	0	3
1236.0	0	1	0	4
1237.0	0	2	0	4
1238.0	0	1	0	4
1239.0	0	5	0	4
1240.0	0	6	0	2
1241.0	0	1	0	0
1242.0	0	2	0	0
1243.0	0	4	0	8
1244.0	0	1	0	2
1245.0	0	1	0	2
1246.0	0	4	0	3
1247.0	0	2	0	4
1248.0	0	2	0	3
1249.0	0	9	0	5
1250.0	0	2	0	0
1251.0	0	2	0	2
1252.0	0	0	0	1
1253.0	0	1	0	1
1254.0	0	4	0	2
1255.0	0	1	0	2
1256.0	0	4	0	3
1257.0	0	1	0	2
1258.0	0	2	0	4
1259.0	0	1	0	3
1260.0	0	0	0	1
1261.0	0	4	0	3
1262.0	0	2	0	3
1263.0	0	2	0	1
1264.0	0	3	0	3
1265.0	0	5	0	2
1266.0	0	3	0	1
1267.0	0	1	0	1
1268.0	0	1	0	0
1269.0	0	4	0	3
1270.0	0	1	0	2
1271.0	0	1	0	3
1272.0	0	2	0	2
1273.0	0	1	0	1
1274.0	0	5	0	4
1275.0	0	1	0	2
1276.0	0	3	0	1
1277.0	0	1	0	1
1278.0	0	2	0	3
1279.0	0	0	0	1
1280.0	0	4	0	1
1281.0	0	2	0	1
1282.0	0	1	0	1
1283.0	0	1	0	2
1284.0	0	2	0	4
1285.0	0	2	0	1
1286.0	0	2	0	2
1287.0	0	2	0	2
1288.0	0	2	0	0
1289.0	0	1	0	3
1290.0	0	2	0	2
1291.0	0	2	0	2
1292.0	0	3	0	0
1293.0	0	3	0	5
1294.0	0	1	0	1
1295.0	0	0	0	3
1296.0	0	1	0	1
1297.0	0	1	0	2
1298.0	0	3	0	1
1299.0	0	2	0	1
1300.0	0	2	0	1
1301.0	0	2	0	6
1302.0	0	2	0	1
1303.0	0	2	0	2
1304.0	0	3	0	0
1305.0	0	3	0	3
1306.0	0	2	0	2
1307.0	0	0	0	4
1308.0	0	1	0	3
1309.0	0	3	0	3
1310.0	0	2	0	3
1311.0	0	1	0	2
1312.0	0	4	0	0
1313.0	0	4	0	1
1314.0	0	0	0	2
1315.0	0	3	0	5
1316.0	0	3	0	2
1317.0	0	0	0	3
1318.0	0	3	0	1
1319.0	0	2	0	3
1320.0	0	2	0	0
1321.0	0	2	0	3
1322.0	0	3	0	2
1323.0	0	2	0	1
1324.0	0	2	0	4
1325.0	0	4	0	1
1326.0	0	2	0	0
1327.0	0	0	0	3
1328.0	0	1	0	0
1329.0	0	2	0	0
1330.0	0	0	0	1
1331.0	0	2	0	3
1332.0	0	2	0	2
1333.0	0	1	0	2
1334.0	0	2	0	1
1335.0	0	3	0	1
1336.0	0	0	0	1
1337.0	0	2	0	0
1338.0	0	2	0	1
1339.0	0	0	0	2
1340.0	0	1	0	1
1341.0	0	2	0	3
1342.0	0	0	0	2
1343.0	0	2	0	1
1344.0	0	1	0	3
1345.0	0	3	0	1
1346.0	0	2	0	1
1347.0	0	2	0	3
1348.0	0	2	0	2
1349.0	0	3	0	2
1350.0	0	1	0	1
1351.0	0	2	0	2
1352.0	0	3	0	2
1353.0	0	2	0	3
1354.0	0	1	0	4
1355.0	0	3	0	3
1356.0	0	1	0	1
1357.0	0	1	0	1
1358.0	0	2	0	2
1359.0	0	2	0	4
1360.0	0	0	0	1
1361.0	0	5	0	2
1362.0	0	4	0	2
1363.0	0	2	0	5
1364.0	0	2	0	1
1365.0	0	2	0	1
1366.0	0	4	0	1
1367.0	0	2	0	0
1368.0	0	1	0	2
1369.0	0	1	0	1
1370.0	0	3	0	1
1371.0	0	2	0	2
1372.0	0	0	0	1
1373.0	0	1	0	2
1374.0	0	2	0	1
1375.0	0	0	0	4
1376.0	0	0	0	3
1377.0	0	2	0	3
1378.0	0	2	0	2
1379.0	0	5	0	2
1380.0	0	4	0	3
1381.0	0	1	0	2
1382.0	0	1	0	2
1383.0	0	2	0	1
1384.0	0	1	0	1
1385.0	0	1	0	6
1386.0	0	3	0	2
1387.0	0	2	0	2
1388.0	0	6	0	3
1389.0	0	1	0	4
1390.0	0	2	0	2
1391.0	0	4	0	2
1392.0	0	2	0	1
1393.0	0	4	0	0
1394.0	0	3	0	4
1395.0	0	2	0	1
1396.0	0	0	0	1
1397.0	0	1	0	0
1398.0	0	2	0	1
1399.0	0	1	0	1
1400.0	0	2	0	2
1401.0	0	2	0	0
1402.0	0	1	0	6
1403.0	0	0	0	2
1404.0	0	2	0	4
1405.0	0	3	0	1
1406.0	0	1	0	4
1407.0	0	1	0	2
1408.0	0	2	0	1
1409.0	0	1	0	2
1410.0	0	2	0	3
1411.0	0	4	0	2
1412.0	0	1	0	2
1413.0	0	4	0	3
1414.0	0	3	0	1
1415.0	0	3	0	3
1416.0	0	5	0	2
1417.0	0	1	0	0
1418.0	0	1	0	4
1419.0	0	0	0	1
1420.0	0	3	0	2
1421.0	0	1	0	1
1422.0	0	3	0	3
1423.0	0	2	0	3
1424.0	0	2	0	0
1425.0	0	1	0	0
1426.0	0	1	0	0
1427.0	0	4	0	0
1428.0	0	3	0	2
1429.0	0	0	0	1
1430.0	0	0	0	2
1431.0	0	1	0	2
1432.0	0	2	0	0
1433.0	0	1	0	1
1435.0	0	1	0	2
1436.0	0	1	0	1
1437.0	0	0	0	1
1438.0	0	2	0	1
1439.0	0	0	0	2
1440.0	0	1	0	4
1441.0	0	1	0	2
1442.0	0	1	0	3
1443.0	0	3	0	4
1444.0	0	1	0	3
1445.0	0	2	0	1
1446.0	0	6	0	2
1447.0	0	1	0	3
1448.0	0	2	0	2
1449.0	0	1	0	2
1450.0	0	3	0	2
1451.0	0	5	0	1
1452.0	0	3	0	1
1453.0	0	2	0	1
1454.0	0	2	0	4
1455.0	0	3	0	0
1456.0	0	2	0	1
1457.0	0	2	0	0
1460.0	0	1	0	1
1462.0	0	0	0	1
1463.0	0	0	0	1
1464.0	0	1	0	0
1465.0	0	0	0	4
1466.0	0	1	0	2
1467.0	0	0	0	2
1468.0	0	3	0	1
1469.0	0	1	0	2
1470.0	0	3	0	1
1471.0	0	2	0	3
1472.0	0	1	0	0
1473.0	0	0	0	3
1474.0	0	4	0	0
1475.0	0	1	0	1
1476.0	0	1	0	2
1477.0	0	1	0	2
1478.0	0	1	0	0
1479.0	0	1	0	2
1480.0	0	4	0	0
1481.0	0	1	0	1
1482.0	0	0	0	1
1483.0	0	0	0	2
1484.0	0	1	0	3
1485.0	0	1	0	1
1486.0	0	1	0	1
1487.0	0	2	0	1
1488.0	0	2	0	2
1489.0	0	2	0	1
1490.0	0	1	0	0
1491.0	0	2	0	0
1492.0	0	1	0	3
1493.0	0	2	0	0
1494.0	0	0	0	2
1495.0	0	1	0	2
1496.0	0	2	0	2
1497.0	0	1	0	0
1498.0	0	2	0	1
1499.0	0	0	0	1
1500.0	0	1	0	1
1501.0	0	0	0	1
1502.0	0	1	0	0
1503.0	0	3	0	0
1504.0	0	2	0	0
1505.0	0	0	0	1
1506.0	0	0	0	1
1507.0	0	0	0	1
1509.0	0	1	0	1
1510.0	0	1	0	3
1511.0	0	0	0	1
1512.0	0	2	0	1
1513.0	0	1	0	3
1514.0	0	1	0	1
1515.0	0	1	0	2
1516.0	0	1	0	4
1517.0	0	2	0	1
1518.0	0	4	0	1
1519.0	0	3	0	1
1520.0	0	0	0	2
1521.0	0	3	0	1
1522.0	0	1	0	2
1523.0	0	3	0	2
1524.0	0	1	0	0
1525.0	0	0	0	3
1526.0	0	2	0	1
1527.0	0	2	0	2
1528.0	0	2	0	5
1529.0	0	3	0	2
1530.0	0	1	0	0
1531.0	0	1	0	3
1532.0	0	2	0	2
1533.0	0	1	0	0
1534.0	0	5	0	2
1535.0	0	1	0	1
1536.0	0	0	0	2
1537.0	0	2	0	1
1538.0	0	1	0	1
1539.0	0	1	0	1
1540.0	0	2	0	1
1541.0	0	1	0	1
1542.0	0	1	0	1
1543.0	0	1	0	0
1544.0	0	0	0	2
1545.0	0	1	0	2
1546.0	0	1	0	1
1547.0	0	3	0	0
1548.0	0	2	0	1
1549.0	0	0	0	2
1550.0	0	2	0	1
1551.0	0	0	0	1
1552.0	0	0	0	1
1553.0	0	3	0	1
1554.0	0	3	0	3
1555.0	0	1	0	2
1556.0	0	0	0	1
1558.0	0	2	0	2
1559.0	0	0	0	1
1560.0	0	3	0	1
1561.0	0	0	0	1
1562.0	0	1	0	1
1563.0	0	4	0	0
1564.0	0	2	0	2
1565.0	0	0	0	2
1566.0	0	2	0	1
1567.0	0	0	0	1
1568.0	0	1	0	2
1570.0	0	1	0	2
1571.0	0	2	0	1
1572.0	0	1	0	5
1573.0	0	0	0	2
1574.0	0	4	0	0
1575.0	0	2	0	0
1576.0	0	0	0	1
1577.0	0	3	0	0
1578.0	0	2	0	2
1579.0	0	1	0	4
1581.0	0	2	0	1
1582.0	0	0	0	1
1583.0	0	0	0	1
1584.0	0	2	0	1
1585.0	0	2	0	3
1586.0	0	0	0	1
1587.0	0	3	0	3
1588.0	0	1	0	0
1589.0	0	2	0	1
1590.0	0	1	0	1
1591.0	0	1	0	1
1592.0	0	1	0	3
1593.0	0	2	0	1
1594.0	0	2	0	1
1595.0	0	1	0	1
1596.0	0	0	0	1
1597.0	0	0	0	1
1598.0	0	1	0	3
1599.0	0	3	0	2
1600.0	0	1	0	1
1601.0	0	2	0	2
1603.0	0	2	0	0
1604.0	0	3	0	0
1605.0	0	2	0	0
1606.0	0	0	0	1
1608.0	0	2	0	0
1610.0	0	0	0	1
1611.0	0	0	0	1
1612.0	0	1	0	1
1613.0	0	0	0	2
1614.0	0	1	0	1
1615.0	0	0	0	1
1616.0	0	0	0	3
1617.0	0	2	0	0
1618.0	0	0	0	2
1619.0	0	2	0	1
1620.0	0	2	0	0
1621.0	0	3	0	2
1622.0	0	1	0	1
1623.0	0	2	0	0
1624.0	0	1	0	3
1625.0	0	1	0	3
1626.0	0	2	0	1
1627.0	0	3	0	1
1628.0	0	1	0	2
1629.0	0	0	0	1
1630.0	0	0	0	3
1631.0	0	1	0	2
1632.0	0	2	0	0
1633.0	0	0	0	1
1634.0	0	1	0	1
1635.0	0	2	0	0
1636.0	0	3	0	0
1637.0	0	1	0	1
1638.0	0	1	0	1
1640.0	0	2	0	1
1642.0	0	1	0	1
1643.0	0	1	0	0
1644.0	0	1	0	0
1645.0	0	0	0	1
1646.0	0	1	0	1
1647.0	0	0	0	4
1648.0	0	1	0	0
1649.0	0	2	0	2
1650.0	0	0	0	2
1651.0	0	0	0	2
1652.0	0	4	0	3
1653.0	0	0	0	1
1654.0	0	4	0	3
1655.0	0	1	0	3
1656.0	0	2	0	0
1657.0	0	1	0	2
1658.0	0	2	0	1
1659.0	0	1	0	1
1660.0	0	4	0	1
1661.0	0	1	0	0
1663.0	0	1	0	0
1665.0	0	3	0	0
1666.0	0	0	0	1
1669.0	0	0	0	2
1670.0	0	0	0	2
1671.0	0	0	0	2
1672.0	0	1	0	0
1673.0	0	1	0	1
1674.0	0	2	0	2
1675.0	0	0	0	1
1676.0	0	1	0	1
1677.0	0	3	0	2
1678.0	0	0	0	3
1679.0	0	2	0	2
1680.0	0	0	0	1
1681.0	0	2	0	0
1682.0	0	0	0	1
1683.0	0	2	0	0
1684.0	0	3	0	0
1685.0	0	1	0	1
1686.0	0	1	0	2
1687.0	0	2	0	0
1688.0	0	0	0	1
1689.0	0	0	0	2
1690.0	0	2	0	3
1691.0	0	3	0	1
1692.0	0	0	0	1
1693.0	0	0	0	2
1694.0	0	1	0	1
1695.0	0	2	0	3
1696.0	0	1	0	1
1697.0	0	2	0	0
1698.0	0	2	0	3
1700.0	0	1	0	0
1701.0	0	0	0	1
1702.0	0	2	0	2
1703.0	0	1	0	2
1704.0	0	2	0	0
1705.0	0	1	0	1
1706.0	0	2	0	3
1707.0	0	1	0	2
1708.0	0	2	0	2
1709.0	0	2	0	1
1710.0	0	1	0	4
1712.0	0	3	0	0
1713.0	0	3	0	2
1714.0	0	0	0	3
1715.0	0	1	0	0
1716.0	0	4	0	1
1717.0	0	1	0	1
1718.0	0	0	0	2
1719.0	0	3	0	1
1720.0	0	2	0	1
1721.0	0	0	0	1
1722.0	0	2	0	0
1723.0	0	1	0	2
1725.0	0	1	0	1
1727.0	0	2	0	1
1728.0	0	1	0	0
1729.0	0	1	0	1
1733.0	0	1	0	1
1734.0	0	0	0	1
1735.0	0	2	0	2
1736.0	0	1	0	0
1737.0	0	1	0	0
1738.0	0	1	0	0
1739.0	0	0	0	1
1740.0	0	0	0	1
1741.0	0	1	0	0
1743.0	0	0	0	2
1744.0	0	1	0	1
1746.0	0	2	0	1
1747.0	0	1	0	0
1748.0	0	0	0	1
1750.0	0	1	0	1
1751.0	0	1	0	1
1752.0	0	1	0	3
1753.0	0	1	0	0
1754.0	0	0	0	1
1755.0	0	0	0	2
1756.0	0	2	0	1
1757.0	0	1	0	2
1758.0	0	2	0	1
1759.0	0	1	0	1
1761.0	0	1	0	1
1762.0	0	2	0	0
1763.0	0	1	0	1
1764.0	0	1	0	0
1765.0	0	1	0	2
1766.0	0	1	0	0
1768.0	0	1	0	0
1770.0	0	1	0	1
1772.0	0	0	0	2
1773.0	0	1	0	1
1774.0	0	1	0	1
1775.0	0	0	0	1
1777.0	0	1	0	0
1779.0	0	1	0	0
1780.0	0	0	0	3
1781.0	0	2	0	3
1783.0	0	2	0	1
1785.0	0	1	0	1
1786.0	0	2	0	1
1787.0	0	0	0	1
1788.0	0	2	0	0
1790.0	0	0	0	1
1791.0	0	1	0	0
1792.0	0	1	0	0
1793.0	0	1	0	3
1794.0	0	1	0	1
1796.0	0	1	0	2
1797.0	0	0	0	2
1798.0	0	2	0	2
1799.0	0	1	0	1
1800.0	0	1	0	1
1801.0	0	2	0	0
1802.0	0	0	0	2
1803.0	0	2	0	0
1804.0	0	2	0	2
1805.0	0	0	0	1
1806.0	0	2	0	0
1807.0	0	1	0	1
1809.0	0	2	0	3
1810.0	0	1	0	2
1811.0	0	1	0	0
1812.0	0	1	0	0
1813.0	0	3	0	1
1814.0	0	1	0	0
1815.0	0	0	0	3
1816.0	0	0	0	2
1817.0	0	1	0	0
1818.0	0	0	0	1
1819.0	0	0	0	2
1821.0	0	3	0	2
1822.0	0	2	0	1
1823.0	0	1	0	1
1824.0	0	1	0	1
1825.0	0	3	0	0
1826.0	0	2	0	1
1827.0	0	0	0	1
1828.0	0	1	0	0
1829.0	0	1	0	0
1830.0	0	1	0	1
1831.0	0	0	0	2
1834.0	0	1	0	1
1835.0	0	1	0	3
1836.0	0	2	0	1
1837.0	0	1	0	0
1838.0	0	1	0	1
1841.0	0	1	0	1
1842.0	0	1	0	0
1844.0	0	1	0	1
1845.0	0	1	0	1
1847.0	0	1	0	2
1849.0	0	0	0	2
1850.0	0	1	0	3
1851.0	0	2	0	2
1852.0	0	3	0	0
1853.0	0	1	0	2
1854.0	0	1	0	0
1855.0	0	1	0	2
1856.0	0	2	0	1
1857.0	0	1	0	0
1858.0	0	0	0	1
1859.0	0	0	0	1
1860.0	0	3	0	1
1862.0	0	1	0	3
1863.0	0	1	0	0
1864.0	0	0	0	2
1865.0	0	1	0	1
1866.0	0	0	0	1
1867.0	0	2	0	1
1868.0	0	2	0	0
1869.0	0	1	0	0
1870.0	0	0	0	1
1871.0	0	0	0	1
1872.0	0	2	0	1
1873.0	0	0	0	1
1875.0	0	2	0	2
1876.0	0	1	0	0
1877.0	0	1	0	0
1878.0	0	1	0	1
1879.0	0	2	0	0
1880.0	0	0	0	1
1881.0	0	0	0	4
1882.0	0	1	0	2
1883.0	0	0	0	2
1884.0	0	1	0	0
1885.0	0	1	0	1
1886.0	0	2	0	0
1887.0	0	1	0	2
1888.0	0	4	0	2
1890.0	0	1	0	0
1891.0	0	1	0	0
1892.0	0	0	0	2
1893.0	0	2	0	0
1894.0	0	2	0	0
1895.0	0	0	0	2
1896.0	0	0	0	1
1897.0	0	2	0	1
1899.0	0	2	0	1
1903.0	0	0	0	2
1904.0	0	2	0	0
1905.0	0	1	0	0
1908.0	0	2	0	0
1909.0	0	0	0	1
1910.0	0	0	0	1
1912.0	0	1	0	1
1913.0	0	1	0	1
1914.0	0	0	0	1
1915.0	0	0	0	1
1916.0	0	0	0	1
1917.0	0	0	0	1
1918.0	0	1	0	1
1919.0	0	1	0	0
1920.0	0	0	0	1
1921.0	0	2	0	2
1922.0	0	1	0	1
1923.0	0	0	0	2
1924.0	0	3	0	2
1925.0	0	1	0	2
1927.0	0	0	0	3
1928.0	0	1	0	0
1929.0	0	1	0	1
1930.0	0	2	0	0
1931.0	0	3	0	0
1932.0	0	2	0	1
1933.0	0	1	0	2
1934.0	0	1	0	0
1935.0	0	0	0	1
1936.0	0	2	0	0
1937.0	0	1	0	2
1938.0	0	1	0	0
1943.0	0	1	0	0
1944.0	0	0	0	3
1945.0	0	0	0	2
1946.0	0	1	0	0
1948.0	0	0	0	1
1949.0	0	3	0	0
1950.0	0	1	0	1
1951.0	0	2	0	1
1953.0	0	1	0	2
1954.0	0	0	0	1
1955.0	0	2	0	0
1956.0	0	1	0	3
1957.0	0	0	0	2
1959.0	0	1	0	0
1960.0	0	1	0	2
1961.0	0	2	0	2
1962.0	0	1	0	0
1963.0	0	1	0	0
1965.0	0	2	0	0
1968.0	0	1	0	1
1969.0	0	1	0	1
1970.0	0	0	0	1
1971.0	0	1	0	0
1972.0	0	0	0	1
1973.0	0	1	0	2
1974.0	0	1	0	1
1975.0	0	1	0	1
1976.0	0	1	0	1
1978.0	0	0	0	1
1980.0	0	1	0	1
1981.0	0	2	0	2
1982.0	0	1	0	1
1983.0	0	1	0	0
1985.0	0	1	0	0
1986.0	0	0	0	2
1987.0	0	1	0	0
1988.0	0	2	0	2
1990.0	0	3	0	1
1991.0	0	1	0	2
1992.0	0	0	0	2
1994.0	0	0	0	1
1995.0	0	0	0	1
1996.0	0	2	0	1
1997.0	0	1	0	0
1998.0	0	1	0	1
1999.0	0	1	0	0
2000.0	0	0	0	1
2002.0	0	2	0	1
2003.0	0	0	0	1
2005.0	0	1	0	0
2006.0	0	1	0	1
2007.0	0	1	0	0
2008.0	0	2	0	1
2009.0	0	1	0	2
2011.0	0	1	0	1
2013.0	0	0	0	1
2014.0	0	1	0	1
2015.0	0	0	0	1
2016.0	0	1	0	0
2017.0	0	1	0	0
2018.0	0	1	0	1
2019.0	0	1	0	2
2020.0	0	2	0	4
2021.0	0	0	0	1
2023.0	0	2	0	0
2024.0	0	1	0	1
2025.0	0	4	0	1
2027.0	0	0	0	1
2028.0	0	0	0	3
2029.0	0	2	0	1
2031.0	0	1	0	1
2032.0	0	1	0	0
2033.0	0	1	0	1
2034.0	0	1	0	2
2036.0	0	2	0	1
2037.0	0	1	0	0
2038.0	0	2	0	2
2040.0	0	0	0	1
2041.0	0	0	0	1
2042.0	0	1	0	1
2043.0	0	3	0	1
2045.0	0	1	0	0
2046.0	0	0	0	1
2047.0	0	1	0	0
2048.0	0	1	0	0
2050.0	0	2	0	1
2053.0	0	0	0	1
2055.0	0	0	0	2
2056.0	0	0	0	1
2057.0	0	1	0	0
2058.0	0	0	0	2
2060.0	0	1	0	3
2061.0	0	0	0	2
2062.0	0	3	0	0
2063.0	0	3	0	1
2064.0	0	1	0	1
2065.0	0	0	0	1
2066.0	0	0	0	2
2068.0	0	2	0	0
2069.0	0	2	0	3
2070.0	0	1	0	1
2071.0	0	1	0	0
2072.0	0	0	0	1
2073.0	0	0	0	3
2075.0	0	1	0	0
2076.0	0	5	0	0
2078.0	0	2	0	0
2079.0	0	1	0	1
2080.0	0	1	0	0
2082.0	0	0	0	1
2083.0	0	0	0	1
2084.0	0	0	0	1
2085.0	0	1	0	0
2086.0	0	0	0	1
2087.0	0	0	0	1
2088.0	0	1	0	1
2089.0	0	1	0	0
2090.0	0	1	0	1
2092.0	0	1	0	0
2093.0	0	1	0	0
2094.0	0	0	0	1
2096.0	0	1	0	1
2099.0	0	1	0	0
2100.0	0	1	0	0
2101.0	0	1	0	1
2106.0	0	0	0	1
2107.0	0	1	0	0
2108.0	0	0	0	1
2109.0	0	0	0	1
2110.0	0	1	0	0
2111.0	0	0	0	1
2112.0	0	0	0	1
2113.0	0	0	0	2
2114.0	0	1	0	0
2115.0	0	2	0	0
2116.0	0	1	0	1
2119.0	0	0	0	1
2120.0	0	0	0	1
2122.0	0	2	0	0
2123.0	0	0	0	1
2124.0	0	2	0	1
2125.0	0	0	0	1
2126.0	0	0	0	4
2127.0	0	1	0	1
2128.0	0	1	0	0
2129.0	0	2	0	0
2130.0	0	0	0	1
2132.0	0	1	0	2
2133.0	0	1	0	1
2134.0	0	3	0	1
2135.0	0	0	0	1
2136.0	0	2	0	0
2138.0	0	1	0	0
2139.0	0	1	0	0
2141.0	0	0	0	1
2142.0	0	1	0	0
2143.0	0	0	0	1
2144.0	0	1	0	1
2145.0	0	0	0	2
2146.0	0	1	0	0
2149.0	0	0	0	1
2150.0	0	1	0	0
2152.0	0	1	0	0
2154.0	0	1	0	0
2155.0	0	1	0	0
2157.0	0	1	0	2
2159.0	0	1	0	0
2161.0	0	1	0	0
2162.0	0	0	0	2
2164.0	0	0	0	1
2165.0	0	0	0	1
2166.0	0	1	0	0
2167.0	0	0	0	1
2169.0	0	1	0	0
2170.0	0	1	0	0
2171.0	0	2	0	2
2172.0	0	0	0	3
2173.0	0	0	0	1
2174.0	0	0	0	1
2175.0	0	1	0	1
2176.0	0	1	0	0
2177.0	0	1	0	1
2178.0	0	1	0	1
2179.0	0	4	0	1
2180.0	0	1	0	1
2183.0	0	3	0	1
2185.0	0	0	0	1
2186.0	0	1	0	0
2190.0	0	0	0	1
2192.0	0	0	0	1
2194.0	0	0	0	1
2195.0	0	1	0	0
2196.0	0	0	0	1
2197.0	0	1	0	1
2200.0	0	1	0	1
2203.0	0	1	0	2
2205.0	0	3	0	0
2207.0	0	2	0	1
2209.0	0	0	0	1
2213.0	0	1	0	1
2214.0	0	0	0	1
2215.0	0	1	0	1
2216.0	0	0	0	1
2217.0	0	0	0	2
2219.0	0	1	0	0
2220.0	0	2	0	0
2221.0	0	2	0	1
2224.0	0	1	0	0
2225.0	0	0	0	1
2226.0	0	0	0	1
2227.0	0	0	0	1
2228.0	0	0	0	1
2229.0	0	1	0	1
2231.0	0	1	0	0
2232.0	0	2	0	0
2235.0	0	0	0	1
2236.0	0	2	0	0
2238.0	0	0	0	1
2241.0	0	0	0	1
2242.0	0	0	0	1
2243.0	0	0	0	1
2244.0	0	1	0	1
2246.0	0	0	0	1
2247.0	0	2	0	1
2249.0	0	1	0	0
2253.0	0	1	0	2
2254.0	0	1	0	0
2255.0	0	2	0	0
2258.0	0	1	0	1
2261.0	0	0	0	1
2262.0	0	0	0	1
2263.0	0	0	0	1
2265.0	0	1	0	4
2266.0	0	1	0	0
2268.0	0	1	0	0
2269.0	0	1	0	1
2270.0	0	1	0	0
2271.0	0	0	0	1
2272.0	0	1	0	1
2273.0	0	1	0	1
2274.0	0	3	0	2
2275.0	0	0	0	1
2277.0	0	1	0	1
2278.0	0	2	0	0
2279.0	0	0	0	1
2280.0	0	3	0	1
2281.0	0	1	0	0
2283.0	0	0	0	1
2285.0	0	0	0	1
2286.0	0	2	0	0
2287.0	0	0	0	2
2288.0	0	2	0	0
2290.0	0	0	0	1
2291.0	0	0	0	1
2293.0	0	0	0	1
2294.0	0	1	0	0
2298.0	0	1	0	2
2299.0	0	2	0	1
2300.0	0	0	0	1
2301.0	0	0	0	1
2305.0	0	2	0	2
2306.0	0	2	0	1
2307.0	0	1	0	0
2308.0	0	0	0	2
2309.0	0	1	0	1
2311.0	0	0	0	2
2312.0	0	1	0	1
2313.0	0	2	0	2
2314.0	0	1	0	0
2316.0	0	1	0	2
2318.0	0	2	0	0
2319.0	0	1	0	0
2320.0	0	2	0	0
2321.0	0	0	0	1
2322.0	0	1	0	0
2323.0	0	1	0	0
2324.0	0	0	0	1
2325.0	0	1	0	0
2326.0	0	0	0	1
2327.0	0	0	0	2
2330.0	0	0	0	1
2331.0	0	0	0	1
2332.0	0	2	0	0
2334.0	0	2	0	0
2335.0	0	0	0	1
2337.0	0	1	0	0
2338.0	0	1	0	0
2340.0	0	0	0	1
2341.0	0	1	0	0
2342.0	0	1	0	1
2344.0	0	1	0	0
2345.0	0	0	0	1
2346.0	0	0	0	1
2349.0	0	1	0	1
2350.0	0	0	0	1
2354.0	0	1	0	2
2355.0	0	0	0	1
2357.0	0	0	0	1
2359.0	0	0	0	1
2360.0	0	0	0	1
2361.0	0	0	0	2
2362.0	0	2	0	0
2363.0	0	2	0	0
2365.0	0	1	0	0
2367.0	0	1	0	0
2368.0	0	1	0	1
2369.0	0	2	0	1
2372.0	0	1	0	0
2373.0	0	0	0	1
2374.0	0	1	0	0
2375.0	0	0	0	1
2376.0	0	0	0	1
2378.0	0	1	0	0
2382.0	0	1	0	0
2383.0	0	1	0	1
2384.0	0	1	0	0
2385.0	0	0	0	1
2386.0	0	1	0	1
2387.0	0	0	0	1
2389.0	0	1	0	0
2390.0	0	1	0	0
2391.0	0	0	0	1
2398.0	0	1	0	1
2400.0	0	1	0	2
2404.0	0	1	0	1
2406.0	0	1	0	0
2408.0	0	1	0	1
2409.0	0	1	0	2
2410.0	0	1	0	0
2413.0	0	0	0	1
2414.0	0	1	0	1
2416.0	0	1	0	1
2417.0	0	1	0	1
2418.0	0	1	0	1
2419.0	0	1	0	0
2420.0	0	0	0	2
2422.0	0	0	0	1
2423.0	0	1	0	0
2427.0	0	0	0	2
2428.0	0	1	0	1
2430.0	0	1	0	0
2431.0	0	1	0	0
2432.0	0	2	0	1
2434.0	0	0	0	1
2435.0	0	2	0	0
2436.0	0	1	0	0
2437.0	0	1	0	1
2438.0	0	0	0	1
2439.0	0	1	0	2
2440.0	0	0	0	1
2441.0	0	1	0	0
2442.0	0	1	0	0
2444.0	0	1	0	0
2445.0	0	1	0	0
2447.0	0	0	0	1
2448.0	0	0	0	1
2451.0	0	1	0	1
2452.0	0	1	0	1
2454.0	0	1	0	0
2455.0	0	0	0	1
2456.0	0	2	0	2
2457.0	0	1	0	0
2459.0	0	1	0	1
2461.0	0	0	0	1
2465.0	0	2	0	2
2466.0	0	1	0	0
2471.0	0	1	0	1
2472.0	0	1	0	1
2473.0	0	0	0	1
2474.0	0	0	0	2
2477.0	0	0	0	1
2479.0	0	1	0	0
2482.0	0	1	0	1
2483.0	0	1	0	0
2484.0	0	2	0	1
2486.0	0	1	0	2
2487.0	0	0	0	2
2488.0	0	0	0	1
2489.0	0	1	0	0
2490.0	0	0	0	1
2492.0	0	2	0	0
2494.0	0	2	0	0
2495.0	0	0	0	1
2496.0	0	1	0	0
2497.0	0	0	0	1
2498.0	0	1	0	0
2499.0	0	0	0	1
2500.0	0	1	0	1
2501.0	0	1	0	1
2502.0	0	0	0	1
2503.0	0	0	0	1
2504.0	0	1	0	0
2505.0	0	0	0	1
2507.0	0	0	0	2
2508.0	0	1	0	0
2509.0	0	1	0	1
2510.0	0	1	0	0
2511.0	0	1	0	2
2512.0	0	2	0	0
2513.0	0	0	0	1
2514.0	0	1	0	1
2515.0	0	1	0	0
2517.0	0	0	0	1
2518.0	0	1	0	0
2519.0	0	1	0	1
2520.0	0	0	0	1
2521.0	0	2	0	0
2523.0	0	2	0	0
2525.0	0	0	0	2
2527.0	0	1	0	2
2528.0	0	0	0	1
2529.0	0	1	0	0
2530.0	0	0	0	3
2531.0	0	0	0	1
2533.0	0	1	0	0
2534.0	0	0	0	2
2535.0	0	1	0	0
2536.0	0	1	0	0
2537.0	0	1	0	0
2538.0	0	1	0	0
2539.0	0	2	0	1
2540.0	0	2	0	0
2541.0	0	1	0	0
2542.0	0	1	0	0
2543.0	0	0	0	1
2548.0	0	1	0	1
2550.0	0	0	0	1
2551.0	0	0	0	1
2554.0	0	0	0	1
2556.0	0	1	0	0
2557.0	0	1	0	0
2558.0	0	2	0	0
2560.0	0	1	0	1
2563.0	0	0	0	1
2565.0	0	0	0	1
2566.0	0	1	0	1
2569.0	0	0	0	1
2570.0	0	0	0	1
2571.0	0	1	0	0
2573.0	0	1	0	0
2574.0	0	1	0	0
2577.0	0	1	0	0
2579.0	0	0	0	1
2582.0	0	0	0	1
2584.0	0	0	0	2
2587.0	0	0	0	1
2588.0	0	0	0	1
2590.0	0	1	0	0
2591.0	0	1	0	0
2592.0	0	1	0	0
2594.0	0	1	0	1
2596.0	0	1	0	1
2597.0	0	0	0	1
2598.0	0	1	0	0
2599.0	0	0	0	1
2600.0	0	1	0	0
2601.0	0	1	0	1
2602.0	0	1	0	0
2603.0	0	2	0	0
2604.0	0	0	0	1
2606.0	0	0	0	2
2609.0	0	1	0	1
2610.0	0	0	0	2
2611.0	0	0	0	1
2612.0	0	1	0	0
2613.0	0	2	0	0
2617.0	0	1	0	0
2618.0	0	1	0	0
2619.0	0	1	0	1
2621.0	0	0	0	2
2622.0	0	1	0	2
2624.0	0	0	0	2
2627.0	0	1	0	1
2628.0	0	1	0	0
2629.0	0	1	0	0
2631.0	0	1	0	1
2633.0	0	1	0	2
2634.0	0	0	0	1
2635.0	0	1	0	0
2636.0	0	1	0	0
2638.0	0	1	0	0
2639.0	0	1	0	1
2640.0	0	1	0	0
2643.0	0	1	0	0
2644.0	0	0	0	1
2645.0	0	1	0	0
2647.0	0	0	0	2
2649.0	0	1	0	1
2650.0	0	1	0	1
2653.0	0	1	0	0
2654.0	0	1	0	1
2657.0	0	1	0	0
2658.0	0	1	0	0
2666.0	0	0	0	1
2668.0	0	0	0	1
2669.0	0	1	0	0
2671.0	0	1	0	1
2674.0	0	1	0	0
2679.0	0	0	0	1
2680.0	0	0	0	1
2683.0	0	1	0	1
2686.0	0	1	0	0
2687.0	0	1	0	1
2689.0	0	1	0	1
2690.0	0	0	0	1
2692.0	0	0	0	1
2694.0	0	1	0	0
2695.0	0	1	0	0
2697.0	0	1	0	1
2698.0	0	1	0	0
2701.0	0	0	0	1
2704.0	0	0	0	1
2706.0	0	2	0	1
2707.0	0	0	0	2
2708.0	0	1	0	0
2710.0	0	1	0	0
2715.0	0	0	0	1
2716.0	0	0	0	2
2719.0	0	1	0	0
2720.0	0	1	0	0
2721.0	0	1	0	1
2722.0	0	1	0	0
2723.0	0	0	0	1
2725.0	0	1	0	1
2729.0	0	1	0	2
2730.0	0	0	0	1
2731.0	0	1	0	0
2733.0	0	0	0	1
2735.0	0	1	0	0
2737.0	0	1	0	0
2738.0	0	1	0	0
2739.0	0	1	0	0
2746.0	0	0	0	1
2748.0	0	1	0	0
2752.0	0	0	0	1
2753.0	0	1	0	1
2755.0	0	0	0	1
2760.0	0	1	0	0
2761.0	0	0	0	1
2763.0	0	1	0	0
2767.0	0	1	0	0
2769.0	0	1	0	0
2770.0	0	0	0	2
2776.0	0	1	0	0
2780.0	0	1	0	0
2782.0	0	0	0	1
2783.0	0	0	0	1
2784.0	0	1	0	0
2787.0	0	0	0	1
2790.0	0	0	0	1
2791.0	0	0	0	3
2792.0	0	1	0	0
2793.0	0	1	0	0
2796.0	0	1	0	1
2797.0	0	2	0	0
2801.0	0	1	0	0
2803.0	0	0	0	1
2812.0	0	1	0	0
2818.0	0	1	0	0
2828.0	0	0	0	1
2837.0	0	1	0	0
2839.0	0	0	0	1
2843.0	0	0	0	2
2845.0	0	1	0	0
2846.0	0	1	0	0
2848.0	0	0	0	1
2849.0	0	0	0	2
2852.0	0	0	0	1
2853.0	0	1	0	0
2854.0	0	0	0	2
2857.0	0	1	0	1
2859.0	0	0	0	1
2860.0	0	1	0	1
2861.0	0	1	0	0
2862.0	0	0	0	1
2863.0	0	2	0	0
2864.0	0	0	0	1
2866.0	0	1	0	0
2869.0	0	1	0	0
2870.0	0	1	0	0
2871.0	0	0	0	1
2872.0	0	1	0	0
2875.0	0	1	0	0
2876.0	0	1	0	0
2878.0	0	0	0	1
2880.0	0	1	0	0
2889.0	0	1	0	0
2895.0	0	0	0	1
2896.0	0	0	0	1
2899.0	0	0	0	1
2900.0	0	0	0	1
2901.0	0	0	0	1
2905.0	0	1	0	0
2907.0	0	1	0	0
2909.0	0	0	0	1
2910.0	0	2	0	0
2911.0	0	1	0	0
2912.0	0	0	0	1
2918.0	0	1	0	1
2920.0	0	0	0	1
2921.0	0	0	0	1
2924.0	0	1	0	0
2926.0	0	0	0	1
2927.0	0	1	0	1
2931.0	0	1	0	0
2932.0	0	1	0	0
2936.0	0	1	0	0
2937.0	0	0	0	1
2940.0	0	1	0	0
2942.0	0	0	0	1
2947.0	0	0	0	1
2948.0	0	0	0	1
2952.0	0	2	0	0
2953.0	0	1	0	2
2954.0	0	0	0	1
2958.0	0	1	0	0
2959.0	0	1	0	0
2961.0	0	0	0	1
2962.0	0	0	0	1
2965.0	0	2	0	0
2968.0	0	1	0	0
2971.0	0	1	0	0
2973.0	0	0	0	1
2977.0	0	0	0	1
2978.0	0	0	0	1
2979.0	0	0	0	2
2982.0	0	0	0	1
2983.0	0	0	0	1
2984.0	0	2	0	0
2987.0	0	1	0	0
2988.0	0	1	0	0
2989.0	0	1	0	0
2991.0	0	1	0	0
2994.0	0	0	0	1
2995.0	0	1	0	0
3006.0	0	0	0	1
3008.0	0	0	0	1
3009.0	0	1	0	0
3012.0	0	0	0	1
3013.0	0	2	0	0
3014.0	0	0	0	1
3019.0	0	1	0	0
3021.0	0	0	0	1
3023.0	0	1	0	0
3024.0	0	0	0	2
3028.0	0	1	0	0
3030.0	0	1	0	1
3031.0	0	1	0	0
3033.0	0	0	0	1
3036.0	0	0	0	2
3040.0	0	0	0	2
3042.0	0	1	0	0
3044.0	0	1	0	0
3045.0	0	1	0	0
3047.0	0	1	0	1
3048.0	0	0	0	1
3049.0	0	1	0	0
3053.0	0	2	0	0
3056.0	0	1	0	0
3058.0	0	0	0	1
3060.0	0	0	0	1
3063.0	0	0	0	1
3066.0	0	1	0	1
3069.0	0	1	0	0
3074.0	0	1	0	0
3075.0	0	0	0	2
3076.0	0	1	0	0
3081.0	0	1	0	1
3088.0	0	1	0	0
3093.0	0	1	0	0
3097.0	0	0	0	1
3106.0	0	0	0	1
3107.0	0	1	0	0
3117.0	0	1	0	0
3122.0	0	0	0	1
3123.0	0	0	0	2
3125.0	0	0	0	1
3128.0	0	1	0	0
3133.0	0	0	0	1
3136.0	0	1	0	0
3137.0	0	1	0	0
3139.0	0	1	0	0
3140.0	0	1	0	0
3142.0	0	0	0	1
3144.0	0	0	0	1
3145.0	0	0	0	1
3146.0	0	0	0	1
3150.0	0	0	0	2
3152.0	0	2	0	0
3153.0	0	1	0	1
3156.0	0	1	0	1
3157.0	0	0	0	1
3161.0	0	1	0	0
3163.0	0	1	0	0
3164.0	0	1	0	0
3165.0	0	0	0	1
3166.0	0	0	0	1
3169.0	0	0	0	1
3170.0	0	0	0	1
3171.0	0	2	0	1
3172.0	0	1	0	0
3173.0	0	0	0	1
3176.0	0	1	0	0
3177.0	0	1	0	0
3180.0	0	1	0	0
3182.0	0	0	0	1
3184.0	0	1	0	0
3186.0	0	1	0	0
3189.0	0	0	0	1
3191.0	0	0	0	1
3194.0	0	1	0	0
3198.0	0	0	0	1
3199.0	0	1	0	0
3202.0	0	1	0	1
3206.0	0	0	0	1
3209.0	0	1	0	1
3211.0	0	1	0	0
3216.0	0	1	0	0
3219.0	0	1	0	0
3220.0	0	0	0	1
3223.0	0	0	0	1
3228.0	0	0	0	1
3229.0	0	1	0	0
3234.0	0	1	0	0
3235.0	0	1	0	0
3236.0	0	0	0	1
3242.0	0	0	0	1
3245.0	0	1	0	0
3251.0	0	1	0	0
3253.0	0	0	0	1
3254.0	0	0	0	1
3255.0	0	0	0	1
3263.0	0	1	0	2
3264.0	0	0	0	2
3265.0	0	1	0	1
3269.0	0	0	0	1
3270.0	0	1	0	0
3271.0	0	3	0	1
3273.0	0	1	0	0
3274.0	0	1	0	0
3278.0	0	1	0	0
3280.0	0	0	0	2
3286.0	0	1	0	0
3288.0	0	1	0	0
3291.0	0	1	0	0
3295.0	0	0	0	2
3301.0	0	0	0	1
3302.0	0	1	0	0
3304.0	0	1	0	0
3307.0	0	1	0	0
3311.0	0	0	0	1
3315.0	0	1	0	0
3316.0	0	0	0	1
3318.0	0	0	0	2
3320.0	0	0	0	1
3321.0	0	0	0	1
3326.0	0	1	0	0
3327.0	0	0	0	1
3328.0	0	1	0	0
3329.0	0	1	0	0
3331.0	0	0	0	1
3332.0	0	1	0	0
3333.0	0	2	0	0
3339.0	0	0	0	1
3340.0	0	1	0	0
3341.0	0	0	0	1
3342.0	0	0	0	1
3344.0	0	0	0	1
3348.0	0	1	0	1
3350.0	0	1	0	0
3351.0	0	0	0	1
3352.0	0	2	0	0
3354.0	0	0	0	1
3361.0	0	1	0	0
3363.0	0	1	0	0
3366.0	0	0	0	1
3367.0	0	1	0	0
3369.0	0	0	0	1
3372.0	0	0	0	1
3373.0	0	0	0	1
3380.0	0	1	0	1
3381.0	0	1	0	0
3382.0	0	2	0	0
3384.0	0	1	0	0
3387.0	0	0	0	1
3389.0	0	0	0	1
3393.0	0	0	0	1
3394.0	0	0	0	1
3398.0	0	3	0	2
3408.0	0	0	0	1
3409.0	0	0	0	1
3410.0	0	1	0	0
3411.0	0	0	0	1
3412.0	0	1	0	1
3413.0	0	0	0	1
3414.0	0	2	0	0
3419.0	0	1	0	0
3420.0	0	1	0	0
3421.0	0	1	0	0
3422.0	0	1	0	0
3423.0	0	0	0	1
3425.0	0	0	0	1
3426.0	0	0	0	1
3431.0	0	1	0	0
3432.0	0	1	0	0
3435.0	0	1	0	1
3438.0	0	0	0	1
3439.0	0	0	0	2
3441.0	0	0	0	1
3446.0	0	1	0	1
3449.0	0	1	0	0
3450.0	0	0	0	1
3451.0	0	1	0	1
3452.0	0	1	0	0
3453.0	0	1	0	0
3454.0	0	1	0	0
3456.0	0	1	0	0
3461.0	0	0	0	1
3465.0	0	0	0	1
3466.0	0	1	0	1
3471.0	0	0	0	1
3472.0	0	2	0	0
3473.0	0	0	0	1
3474.0	0	0	0	1
3476.0	0	1	0	0
3481.0	0	1	0	0
3484.0	0	1	0	0
3489.0	0	1	0	0
3492.0	0	0	0	1
3503.0	0	1	0	0
3506.0	0	0	0	1
3516.0	0	1	0	0
3517.0	0	0	0	1
3523.0	0	0	0	1
3534.0	0	1	0	0
3535.0	0	1	0	0
3544.0	0	0	0	1
3545.0	0	0	0	1
3557.0	0	1	0	0
3560.0	0	1	0	0
3563.0	0	0	0	1
3564.0	0	0	0	1
3570.0	0	1	0	0
3580.0	0	1	0	0
3583.0	0	0	0	1
3592.0	0	1	0	0
3593.0	0	0	0	1
3594.0	0	0	0	1
3605.0	0	0	0	1
3606.0	0	1	0	0
3608.0	0	1	0	0
3616.0	0	1	0	0
3617.0	0	0	0	1
3623.0	0	0	0	1
3629.0	0	1	0	0
3631.0	0	0	0	1
3634.0	0	1	0	0
3640.0	0	1	0	0
3647.0	0	0	0	1
3649.0	0	0	0	1
3653.0	0	0	0	1
3660.0	0	2	0	0
3663.0	0	0	0	1
3665.0	0	0	0	1
3667.0	0	0	0	1
3670.0	0	2	0	0
3675.0	0	0	0	1
3676.0	0	1	0	0
3677.0	0	0	0	1
3684.0	0	1	0	0
3687.0	0	2	0	0
3693.0	0	0	0	1
3703.0	0	0	0	1
3705.0	0	1	0	0
3706.0	0	0	0	1
3713.0	0	0	0	1
3714.0	0	1	0	0
3715.0	0	1	0	0
3718.0	0	0	0	1
3726.0	0	1	0	0
3735.0	0	1	0	0
3741.0	0	0	0	1
3744.0	0	0	0	1
3747.0	0	0	0	1
3755.0	0	1	0	0
3758.0	0	2	0	0
3760.0	0	0	0	1
3768.0	0	0	0	1
3771.0	0	1	0	0
3773.0	0	0	0	1
3780.0	0	0	0	1
3788.0	0	2	0	0
3794.0	0	0	0	1
3795.0	0	1	0	0
3797.0	0	0	0	1
3812.0	0	1	0	0
3818.0	0	1	0	0
3820.0	0	0	0	1
3832.0	0	1	0	0
3849.0	0	0	0	1
3851.0	0	0	0	1
3852.0	0	0	0	1
3859.0	0	1	0	0
3863.0	0	1	0	1
3870.0	0	1	0	0
3873.0	0	0	0	2
3878.0	0	0	0	1
3881.0	0	2	0	0
3882.0	0	0	0	1
3889.0	0	0	0	1
3892.0	0	2	0	0
3897.0	0	1	0	0
3903.0	0	1	0	0
3914.0	0	0	0	1
3916.0	0	0	0	2
3919.0	0	0	0	1
3930.0	0	1	0	0
3931.0	0	1	0	0
3933.0	0	1	0	1
3934.0	0	1	0	0
3943.0	0	0	0	1
3944.0	0	0	0	1
3946.0	0	0	0	1
3952.0	0	1	0	0
3953.0	0	1	0	0
3960.0	0	1	0	0
3962.0	0	0	0	1
3963.0	0	1	0	0
3977.0	0	1	0	0
3978.0	0	0	0	1
3980.0	0	0	0	1
3981.0	0	0	0	1
3990.0	0	1	0	0
3995.0	0	1	0	0
3998.0	0	1	0	0
3999.0	0	0	0	1
4004.0	0	0	0	1
4007.0	0	0	0	1
4009.0	0	0	0	1
4010.0	0	1	0	0
4014.0	0	1	0	1
4015.0	0	1	0	0
4020.0	0	1	0	0
4025.0	0	1	0	0
4035.0	0	0	0	1
4039.0	0	0	0	1
4046.0	0	1	0	0
4048.0	0	0	0	1
4049.0	0	1	0	0
4051.0	0	0	0	1
4063.0	0	1	0	0
4065.0	0	0	0	1
4066.0	0	1	0	0
4067.0	0	0	0	1
4070.0	0	0	0	1
4074.0	0	0	0	1
4076.0	0	0	0	1
4077.0	0	1	0	0
4080.0	0	1	0	0
4085.0	0	0	0	1
4086.0	0	1	0	0
4088.0	0	1	0	0
4089.0	0	0	0	1
4090.0	0	0	0	1
4096.0	0	1	0	0
4097.0	0	2	0	0
4100.0	0	0	0	1
4103.0	0	0	0	1
4112.0	0	1	0	0
4114.0	0	2	0	0
4129.0	0	0	0	1
4131.0	0	0	0	1
4143.0	0	1	0	0
4146.0	0	0	0	1
4149.0	0	1	0	0
4154.0	0	0	0	2
4157.0	0	0	0	1
4160.0	0	1	0	0
4165.0	0	1	0	0
4167.0	0	0	0	1
4169.0	0	1	0	0
4171.0	0	1	0	0
4183.0	0	0	0	1
4185.0	0	0	0	1
4187.0	0	0	0	1
4189.0	0	1	0	0
4192.0	0	1	0	0
4199.0	0	0	0	1
4202.0	0	1	0	0
4203.0	0	1	0	1
4205.0	0	0	0	1
4206.0	0	0	0	1
4209.0	0	0	0	1
4210.0	0	1	0	0
4216.0	0	1	0	0
4217.0	0	1	0	0
4218.0	0	0	0	1
4222.0	0	1	0	1
4227.0	0	0	0	1
4228.0	0	0	0	1
4230.0	0	1	0	0
4235.0	0	1	0	0
4237.0	0	0	0	1
4238.0	0	1	0	0
4239.0	0	1	0	0
4244.0	0	1	0	0
4246.0	0	0	0	1
4247.0	0	0	0	1
4258.0	0	1	0	0
4259.0	0	0	0	1
4265.0	0	1	0	0
4273.0	0	1	0	1
4276.0	0	1	0	0
4279.0	0	0	0	1
4284.0	0	0	0	1
4285.0	0	1	0	0
4295.0	0	1	0	0
4297.0	0	0	0	1
4306.0	0	1	0	0
4313.0	0	1	0	0
4357.0	0	0	0	1
4376.0	0	1	0	0
4383.0	0	0	0	1
4386.0	0	0	0	1
4393.0	0	0	0	1
4402.0	0	0	0	1
4403.0	0	1	0	0
4405.0	0	1	0	0
4416.0	0	0	0	1
4417.0	0	2	0	0
4418.0	0	0	0	1
4420.0	0	0	0	2
4426.0	0	1	0	0
4427.0	0	0	0	1
4429.0	0	1	0	1
4432.0	0	1	0	1
4435.0	0	1	0	0
4436.0	0	0	0	1
4437.0	0	1	0	0
4450.0	0	1	0	0
4452.0	0	2	0	0
4464.0	0	0	0	1
4489.0	0	1	0	0
4496.0	0	0	0	1
4506.0	0	1	0	0
4511.0	0	0	0	1
4524.0	0	0	0	1
4525.0	0	1	0	0
4534.0	0	0	0	1
4535.0	0	1	0	0
4538.0	0	0	0	1
4556.0	0	1	0	0
4560.0	0	1	0	0
4575.0	0	0	0	1
4588.0	0	0	0	1
4597.0	0	1	0	1
4607.0	0	0	0	1
4610.0	0	1	0	1
4619.0	0	2	0	0
4621.0	0	1	0	0
4654.0	0	0	0	1
4656.0	0	0	0	1
4667.0	0	0	0	1
4675.0	0	1	0	0
4676.0	0	0	0	1
4678.0	0	1	0	0
4679.0	0	1	0	0
4684.0	0	0	0	1
4692.0	0	1	0	0
4697.0	0	0	0	1
4700.0	0	1	0	0
4707.0	0	1	0	0
4721.0	0	0	0	1
4722.0	0	0	0	1
4735.0	0	1	0	0
4737.0	0	0	0	1
4743.0	0	1	0	0
4750.0	0	0	0	1
4756.0	0	0	0	1
4760.0	0	1	0	0
4766.0	0	1	0	0
4775.0	0	1	0	0
4794.0	0	0	0	1
4796.0	0	0	0	1
4798.0	0	0	0	1
4809.0	0	1	0	0
4814.0	0	1	0	1
4817.0	0	0	0	1
4824.0	0	1	0	0
4831.0	0	1	0	0
4833.0	0	0	0	1
4843.0	0	0	0	1
4849.0	0	1	0	0
4853.0	0	1	0	0
4857.0	0	0	0	1
4860.0	0	1	0	0
4872.0	0	0	0	1
4873.0	0	1	0	0
4887.0	0	1	0	0
4890.0	0	0	0	1
4903.0	0	0	0	1
4907.0	0	0	0	1
4911.0	0	1	0	0
4918.0	0	1	0	0
4919.0	0	0	0	1
4920.0	0	1	0	0
4939.0	0	1	0	0
4951.0	0	0	0	1
4955.0	0	0	0	1
4956.0	0	0	0	1
4963.0	0	1	0	0
4974.0	0	1	0	0
4983.0	0	0	0	1
4985.0	0	0	0	1
4990.0	0	1	0	0
4996.0	0	1	0	0
4998.0	0	0	0	1
5001.0	0	0	0	1
5011.0	0	1	0	1
5014.0	0	1	0	0
5018.0	0	1	0	0
5036.0	0	1	0	0
5045.0	0	0	0	1
5054.0	0	0	0	1
5057.0	0	0	0	1
5065.0	0	1	0	0
5070.0	0	1	0	0
5074.0	0	0	0	1
5076.0	0	1	0	0
5089.0	0	1	0	0
5096.0	0	0	0	1
5108.0	0	0	0	1
5109.0	0	1	0	0
5118.0	0	1	0	0
5130.0	0	0	0	1
5148.0	0	1	0	0
5154.0	0	0	0	1
5173.0	0	0	0	1
5177.0	0	1	0	0
5193.0	0	1	0	0
5208.0	0	0	0	1
5219.0	0	0	0	1
5220.0	0	0	0	1
5229.0	0	0	0	1
5234.0	0	1	0	0
5240.0	0	1	0	0
5246.0	0	1	0	0
5248.0	0	1	0	0
5261.0	0	0	0	1
5264.0	0	0	0	1
5267.0	0	0	0	1
5271.0	0	0	0	1
5280.0	0	2	0	0
5281.0	0	1	0	0
5290.0	0	1	0	0
5294.0	0	0	0	1
5296.0	0	0	0	1
5310.0	0	1	0	0
5316.0	0	1	0	0
5324.0	0	0	0	1
5341.0	0	0	0	1
5348.0	0	1	0	0
5356.0	0	0	0	1
5359.0	0	1	0	0
5390.0	0	1	0	0
5396.0	0	0	0	1
5415.0	0	1	0	0
5441.0	0	0	0	1
5457.0	0	0	0	1
5465.0	0	1	0	0
5473.0	0	0	0	1
5482.0	0	1	0	0
5486.0	0	1	0	0
5491.0	0	0	0	1
5496.0	0	0	0	1
5497.0	0	0	0	1
5510.0	0	1	0	0
5512.0	0	1	0	1
5523.0	0	1	0	0
5530.0	0	1	0	0
5534.0	0	0	0	1
5549.0	0	1	0	2
5566.0	0	1	0	0
5575.0	0	0	0	1
5576.0	0	1	0	0
5590.0	0	0	0	1
5599.0	0	0	0	1
5608.0	0	1	0	0
5612.0	0	0	0	1
5614.0	0	2	0	0
5615.0	0	0	0	1
5623.0	0	0	0	1
5630.0	0	0	0	1
5635.0	0	1	0	0
5643.0	0	1	0	0
5646.0	0	1	0	0
5647.0	0	1	0	0
5663.0	0	0	0	1
5674.0	0	0	0	1
5678.0	0	1	0	0
5682.0	0	0	0	1
5688.0	0	0	0	1
5692.0	0	0	0	1
5694.0	0	1	0	0
5714.0	0	1	0	0
5715.0	0	1	0	0
5730.0	0	1	0	0
5742.0	0	0	0	1
5755.0	0	0	0	1
5761.0	0	1	0	0
5770.0	0	1	0	0
5791.0	0	0	0	1
5802.0	0	0	0	1
5815.0	0	1	0	0
5816.0	0	1	0	0
5872.0	0	0	0	1
5890.0	0	0	0	1
5895.0	0	1	0	0
5906.0	0	0	0	1
5916.0	0	0	0	1
5919.0	0	1	0	0
5923.0	0	0	0	1
5924.0	0	1	0	0
5935.0	0	1	0	0
5937.0	0	1	0	0
5950.0	0	0	0	1
5967.0	0	0	0	1
5972.0	0	1	0	0
5989.0	0	0	0	1
5995.0	0	1	0	0
5998.0	0	0	0	1
6006.0	0	1	0	0
6012.0	0	0	0	1
6021.0	0	1	0	0
6029.0	0	1	0	0
6068.0	0	0	0	1
6075.0	0	0	0	1
6081.0	0	0	0	1
6087.0	0	1	0	0
6089.0	0	0	0	1
6098.0	0	1	0	0
6103.0	0	1	0	0
6113.0	0	0	0	1
6118.0	0	1	0	0
6137.0	0	0	0	1
6138.0	0	1	0	0
6154.0	0	1	0	0
6166.0	0	0	0	1
6199.0	0	0	0	1
6201.0	0	1	0	0
6220.0	0	1	0	0
6237.0	0	0	0	1
6262.0	0	1	0	0
6306.0	0	0	0	1
6323.0	0	1	0	0
6350.0	0	0	0	1
6355.0	0	0	0	1
6375.0	0	1	0	0
6380.0	0	1	0	0
6393.0	0	0	0	1
6413.0	0	1	0	0
6453.0	0	0	0	1
6471.0	0	1	0	0
6551.0	0	0	0	1
6554.0	0	0	0	1
6574.0	0	2	0	0
6604.0	0	0	0	1
6617.0	0	0	0	1
6632.0	0	0	0	1
6636.0	0	1	0	0
6639.0	0	1	0	0
6642.0	0	0	0	1
6654.0	0	1	0	0
6664.0	0	1	0	0
6683.0	0	0	0	1
6689.0	0	0	0	1
6707.0	0	1	0	0
6715.0	0	1	0	0
6833.0	0	0	0	1
6852.0	0	0	0	1
6865.0	0	1	0	0
6871.0	0	0	0	1
6883.0	0	1	0	0
6889.0	0	1	0	0
6996.0	0	0	0	1
7003.0	0	0	0	1
7013.0	0	1	0	0
7024.0	0	1	0	0
7043.0	0	0	0	1
7053.0	0	0	0	1
7076.0	0	1	0	0
7088.0	0	1	0	0
7095.0	0	0	0	1
7105.0	0	0	0	1
7116.0	0	0	0	1
7124.0	0	1	0	0
7134.0	0	1	0	0
7145.0	0	1	0	0
7183.0	0	0	0	1
7209.0	0	1	0	0
7212.0	0	0	0	1
7220.0	0	0	0	1
7243.0	0	1	0	0
7246.0	0	1	0	0
7278.0	0	0	0	2
7295.0	0	1	0	0
7302.0	0	0	0	1
7311.0	0	1	0	0
7331.0	0	1	0	0
7345.0	0	0	0	1
7364.0	0	0	0	1
7373.0	0	1	0	0
7394.0	0	1	0	0
7491.0	0	0	0	1
7524.0	0	1	0	0
7531.0	0	0	0	1
7559.0	0	1	0	0
7599.0	0	0	0	1
7623.0	0	1	0	0
7681.0	0	0	0	1
7704.0	0	0	0	1
7716.0	0	1	0	0
7732.0	0	1	0	0
7752.0	0	0	0	1
7779.0	0	0	0	1
7788.0	0	0	0	1
7792.0	0	1	0	0
7810.0	0	1	0	0
7822.0	0	1	0	1
7838.0	0	0	0	1
7860.0	0	1	0	0
7871.0	0	1	0	0
7876.0	0	0	0	1
7886.0	0	0	0	1
7906.0	0	1	0	0
7926.0	0	0	0	1
7932.0	0	0	0	1
7939.0	0	1	0	0
7962.0	0	1	0	0
7972.0	0	1	0	0
7975.0	0	0	0	1
7988.0	0	0	0	1
8006.0	0	1	0	0
8021.0	0	1	0	0
8038.0	0	0	0	1
8045.0	0	0	0	1
8072.0	0	1	0	0
8078.0	0	1	0	0
8097.0	0	0	0	1
8115.0	0	0	0	1
8116.0	0	0	0	1
8123.0	0	1	0	0
8159.0	0	1	0	0
8167.0	0	0	0	1
8169.0	0	1	0	0
8170.0	0	0	0	1
8195.0	0	1	0	0
8208.0	0	1	0	0
8227.0	0	0	0	1
8230.0	0	0	0	1
8248.0	0	1	0	0
8258.0	0	1	0	0
8324.0	0	0	0	1
8362.0	0	1	0	0
8391.0	0	0	0	1
8411.0	0	1	0	0
8666.0	0	0	0	1
8700.0	0	1	0	0
8960.0	0	0	0	1
8986.0	0	1	0	0
9148.0	0	0	0	1
9187.0	0	1	0	0
9215.0	0	0	0	1
9260.0	0	1	0	0
9383.0	0	0	0	1
9440.0	0	1	0	0
9806.0	0	0	0	1
9847.0	0	0	0	1
9849.0	0	1	0	0
9883.0	0	0	0	1
9898.0	0	1	0	0
9944.0	0	1	0	0
9963.0	0	0	0	1
9990.0	0	0	0	1
10012.0	0	1	0	0
10032.0	0	1	0	0
10252.0	0	0	0	1
10295.0	0	1	0	0
10507.0	0	0	0	1
10550.0	0	1	0	0
11097.0	0	0	0	1
11148.0	0	1	0	0
11208.0	0	0	0	1
11225.0	0	0	0	1
11254.0	0	1	0	0
11285.0	0	1	0	0
11379.0	0	0	0	1
11431.0	0	1	0	0
11517.0	0	0	0	1
11586.0	0	1	0	0
11724.0	0	0	0	1
11772.0	0	1	0	0
12367.0	0	0	0	1
12438.0	0	1	0	0
12490.0	0	0	0	1
12555.0	0	1	0	0
12580.0	0	0	0	1
12634.0	0	1	0	0
12851.0	0	0	0	1
12898.0	0	1	0	0
13046.0	0	0	0	1
13071.0	0	0	0	1
13100.0	0	1	0	0
13154.0	0	1	0	0
13555.0	0	0	0	1
13617.0	0	1	0	0
13974.0	0	0	0	1
14034.0	0	1	0	0
14194.0	0	0	0	1
14267.0	0	1	0	0
14281.0	0	0	0	1
14371.0	0	0	0	1
14374.0	0	1	0	0
14438.0	0	1	0	0
15290.0	0	0	0	1
15329.0	0	0	0	1
15373.0	0	1	0	0
15398.0	0	1	0	0
15475.0	0	0	0	1
15546.0	0	1	0	0
15551.0	0	0	0	1
15566.0	0	0	0	1
15617.0	0	1	0	0
15640.0	0	1	0	0
17598.0	0	0	0	1
17695.0	0	1	0	0
18083.0	0	0	0	1
18173.0	0	1	0	0
20636.0	0	0	0	1
20741.0	0	1	0	0
26117.0	0	0	0	1
26263.0	0	1	0	0
26743.0	0	0	0	1
26897.0	0	1	0	0

